year,region_type,region_year_spec,region_id,region_level,rd_p_persreg_hes_t_fte_total
1981,NUTS,2010,AT,0,4778.0
1985,NUTS,2010,AT,0,5347.0
1989,NUTS,2010,AT,0,6058.0
1993,NUTS,2010,AT,0,7136.0
1998,NUTS,2010,AT,0,8670.0
2002,NUTS,2010,AT,0,9879.0
2004,NUTS,2010,AT,0,11502.0
2005,NUTS,2010,AT,0,12353.0
2006,NUTS,2010,AT,0,12668.0
2007,NUTS,2010,AT,0,13613.0
2008,NUTS,2010,AT,0,14831.0
2009,NUTS,2010,AT,0,15059.0
2010,NUTS,2010,AT,0,15878.0
2011,NUTS,2010,AT,0,16096.0
2012,NUTS,2010,AT,0,16678.0
2013,NUTS,2010,AT,0,16840.0
2014,NUTS,2010,AT,0,17479.0
2015,NUTS,2010,AT,0,17682.0
2016,NUTS,2010,AT,0,17484.0
2017,NUTS,2010,AT,0,17680.0
2018,NUTS,2010,AT,0,18655.0
2019,NUTS,2010,AT,0,18971.0
2020,NUTS,2010,AT,0,19380.0
1981,NUTS,2010,AT1,1,2650.0
1985,NUTS,2010,AT1,1,2879.0
1989,NUTS,2010,AT1,1,3197.0
1993,NUTS,2010,AT1,1,3748.0
1998,NUTS,2010,AT1,1,4698.0
2011,NUTS,2010,AT1,1,8669.0
2013,NUTS,2010,AT1,1,9182.0
2019,NUTS,2010,AT1,1,10312.0
1985,NUTS,2010,AT11,2,3.0
1989,NUTS,2010,AT11,2,2.0
2011,NUTS,2010,AT11,2,26.0
2013,NUTS,2010,AT11,2,41.0
2019,NUTS,2010,AT11,2,73.0
1981,NUTS,2010,AT12,2,6.0
1985,NUTS,2010,AT12,2,7.0
1989,NUTS,2010,AT12,2,5.0
1993,NUTS,2010,AT12,2,7.0
1998,NUTS,2010,AT12,2,7.0
2002,NUTS,2010,AT12,2,40.0
2004,NUTS,2010,AT12,2,62.0
2006,NUTS,2010,AT12,2,124.0
2007,NUTS,2010,AT12,2,144.0
2009,NUTS,2010,AT12,2,214.0
2011,NUTS,2010,AT12,2,291.0
2013,NUTS,2010,AT12,2,570.0
2015,NUTS,2010,AT12,2,680.0
2017,NUTS,2010,AT12,2,1018.0
2019,NUTS,2010,AT12,2,1326.0
1981,NUTS,2010,AT13,2,2644.0
1985,NUTS,2010,AT13,2,2869.0
1989,NUTS,2010,AT13,2,3189.0
1993,NUTS,2010,AT13,2,3741.0
1998,NUTS,2010,AT13,2,4691.0
2002,NUTS,2010,AT13,2,5425.0
2004,NUTS,2010,AT13,2,6205.0
2006,NUTS,2010,AT13,2,6671.0
2007,NUTS,2010,AT13,2,7203.0
2009,NUTS,2010,AT13,2,7897.0
2011,NUTS,2010,AT13,2,8352.0
2013,NUTS,2010,AT13,2,8571.0
2015,NUTS,2010,AT13,2,8884.0
2017,NUTS,2010,AT13,2,8545.0
2019,NUTS,2010,AT13,2,8913.0
1981,NUTS,2010,AT2,1,1142.0
1985,NUTS,2010,AT2,1,1313.0
1989,NUTS,2010,AT2,1,1511.0
1993,NUTS,2010,AT2,1,1791.0
1998,NUTS,2010,AT2,1,2090.0
2006,NUTS,2010,AT2,1,2817.0
2007,NUTS,2010,AT2,1,2953.0
2009,NUTS,2010,AT2,1,3297.0
2011,NUTS,2010,AT2,1,3502.0
2013,NUTS,2010,AT2,1,3594.0
2017,NUTS,2010,AT2,1,3894.0
2019,NUTS,2010,AT2,1,4113.0
1981,NUTS,2010,AT21,2,66.0
1985,NUTS,2010,AT21,2,85.0
1989,NUTS,2010,AT21,2,111.0
1993,NUTS,2010,AT21,2,127.0
1998,NUTS,2010,AT21,2,144.0
2006,NUTS,2010,AT21,2,273.0
2007,NUTS,2010,AT21,2,280.0
2009,NUTS,2010,AT21,2,314.0
2011,NUTS,2010,AT21,2,359.0
2013,NUTS,2010,AT21,2,353.0
2015,NUTS,2010,AT21,2,299.0
2017,NUTS,2010,AT21,2,333.0
2019,NUTS,2010,AT21,2,336.0
1981,NUTS,2010,AT22,2,1076.0
1985,NUTS,2010,AT22,2,1228.0
1989,NUTS,2010,AT22,2,1400.0
1993,NUTS,2010,AT22,2,1664.0
1998,NUTS,2010,AT22,2,1946.0
2002,NUTS,2010,AT22,2,2133.0
2004,NUTS,2010,AT22,2,2354.0
2006,NUTS,2010,AT22,2,2545.0
2007,NUTS,2010,AT22,2,2673.0
2009,NUTS,2010,AT22,2,2983.0
2011,NUTS,2010,AT22,2,3142.0
2013,NUTS,2010,AT22,2,3241.0
2015,NUTS,2010,AT22,2,3556.0
2017,NUTS,2010,AT22,2,3561.0
2019,NUTS,2010,AT22,2,3778.0
1981,NUTS,2010,AT3,1,987.0
1985,NUTS,2010,AT3,1,1156.0
1989,NUTS,2010,AT3,1,1350.0
1993,NUTS,2010,AT3,1,1598.0
1998,NUTS,2010,AT3,1,1883.0
2002,NUTS,2010,AT3,1,2079.0
2004,NUTS,2010,AT3,1,2659.0
2011,NUTS,2010,AT3,1,3926.0
2013,NUTS,2010,AT3,1,4065.0
2019,NUTS,2010,AT3,1,4546.0
1981,NUTS,2010,AT31,2,197.0
1985,NUTS,2010,AT31,2,220.0
1989,NUTS,2010,AT31,2,276.0
1993,NUTS,2010,AT31,2,368.0
1998,NUTS,2010,AT31,2,453.0
2002,NUTS,2010,AT31,2,544.0
2004,NUTS,2010,AT31,2,660.0
2006,NUTS,2010,AT31,2,797.0
2007,NUTS,2010,AT31,2,860.0
2009,NUTS,2010,AT31,2,984.0
2011,NUTS,2010,AT31,2,1150.0
2013,NUTS,2010,AT31,2,1202.0
2015,NUTS,2010,AT31,2,1179.0
2017,NUTS,2010,AT31,2,1163.0
2019,NUTS,2010,AT31,2,1259.0
1981,NUTS,2010,AT32,2,255.0
1985,NUTS,2010,AT32,2,309.0
1989,NUTS,2010,AT32,2,325.0
1993,NUTS,2010,AT32,2,396.0
1998,NUTS,2010,AT32,2,416.0
2006,NUTS,2010,AT32,2,594.0
2007,NUTS,2010,AT32,2,645.0
2009,NUTS,2010,AT32,2,718.0
2011,NUTS,2010,AT32,2,749.0
2013,NUTS,2010,AT32,2,789.0
2015,NUTS,2010,AT32,2,898.0
2017,NUTS,2010,AT32,2,903.0
2019,NUTS,2010,AT32,2,1003.0
1981,NUTS,2010,AT33,2,532.0
1985,NUTS,2010,AT33,2,625.0
1989,NUTS,2010,AT33,2,749.0
1993,NUTS,2010,AT33,2,834.0
1998,NUTS,2010,AT33,2,1013.0
2002,NUTS,2010,AT33,2,1100.0
2004,NUTS,2010,AT33,2,1455.0
2006,NUTS,2010,AT33,2,1624.0
2007,NUTS,2010,AT33,2,1766.0
2009,NUTS,2010,AT33,2,1894.0
2011,NUTS,2010,AT33,2,1983.0
2013,NUTS,2010,AT33,2,2017.0
2015,NUTS,2010,AT33,2,2087.0
2017,NUTS,2010,AT33,2,2023.0
2019,NUTS,2010,AT33,2,2200.0
1981,NUTS,2010,AT34,2,3.0
1985,NUTS,2010,AT34,2,2.0
1989,NUTS,2010,AT34,2,0.0
2011,NUTS,2010,AT34,2,44.0
2013,NUTS,2010,AT34,2,57.0
2019,NUTS,2010,AT34,2,85.0
2002,NUTS,2010,ATZ,1,0.0
2004,NUTS,2010,ATZ,1,0.0
2006,NUTS,2010,ATZ,1,0.0
2007,NUTS,2010,ATZ,1,0.0
2009,NUTS,2010,ATZ,1,0.0
2011,NUTS,2010,ATZ,1,0.0
2013,NUTS,2010,ATZ,1,0.0
2002,NUTS,2010,ATZZ,2,0.0
2004,NUTS,2010,ATZZ,2,0.0
2006,NUTS,2010,ATZZ,2,0.0
2007,NUTS,2010,ATZZ,2,0.0
2009,NUTS,2010,ATZZ,2,0.0
2011,NUTS,2010,ATZZ,2,0.0
2013,NUTS,2010,ATZZ,2,0.0
2012,NUTS,2010,BA,0,569.0
2013,NUTS,2010,BA,0,868.0
2014,NUTS,2010,BA,0,1371.0
2019,NUTS,2010,BA,0,1590.0
1981,NUTS,2010,BE,0,10820.0
1982,NUTS,2010,BE,0,11023.0
1983,NUTS,2010,BE,0,10986.0
1984,NUTS,2010,BE,0,10950.0
1985,NUTS,2010,BE,0,11042.0
1986,NUTS,2010,BE,0,11097.0
1987,NUTS,2010,BE,0,11017.0
1988,NUTS,2010,BE,0,11172.0
1989,NUTS,2010,BE,0,14540.0
1991,NUTS,2010,BE,0,14800.0
1993,NUTS,2010,BE,0,12176.0
1994,NUTS,2010,BE,0,12608.0
1995,NUTS,2010,BE,0,12714.0
1996,NUTS,2010,BE,0,12183.0
1997,NUTS,2010,BE,0,12751.0
1998,NUTS,2010,BE,0,13773.0
1999,NUTS,2010,BE,0,14957.0
2000,NUTS,2010,BE,0,15884.0
2001,NUTS,2010,BE,0,16234.0
2002,NUTS,2010,BE,0,16108.0
2003,NUTS,2010,BE,0,16532.0
2004,NUTS,2010,BE,0,17456.0
2005,NUTS,2010,BE,0,17767.0
2006,NUTS,2010,BE,0,18711.0
2007,NUTS,2010,BE,0,19544.0
2008,NUTS,2010,BE,0,20670.0
2009,NUTS,2010,BE,0,21617.0
2010,NUTS,2010,BE,0,22371.0
2011,NUTS,2010,BE,0,22709.0
2012,NUTS,2010,BE,0,22770.0
2013,NUTS,2010,BE,0,23156.0
2014,NUTS,2010,BE,0,23733.0
2015,NUTS,2010,BE,0,26156.0
2016,NUTS,2010,BE,0,24953.0
2017,NUTS,2010,BE,0,25060.0
2018,NUTS,2010,BE,0,25363.0
2019,NUTS,2010,BE,0,25872.0
2020,NUTS,2010,BE,0,28064.0
2002,NUTS,2010,BE1,1,3219.0
2003,NUTS,2010,BE1,1,3333.0
2004,NUTS,2010,BE1,1,3433.0
2005,NUTS,2010,BE1,1,3448.0
2006,NUTS,2010,BE1,1,3618.0
2007,NUTS,2010,BE1,1,3734.0
2008,NUTS,2010,BE1,1,3942.0
2009,NUTS,2010,BE1,1,4098.0
2010,NUTS,2010,BE1,1,4014.0
2011,NUTS,2010,BE1,1,4017.0
2012,NUTS,2010,BE1,1,4046.0
2013,NUTS,2010,BE1,1,4069.0
2014,NUTS,2010,BE1,1,4471.0
2015,NUTS,2010,BE1,1,5121.0
2016,NUTS,2010,BE1,1,4984.0
2017,NUTS,2010,BE1,1,5069.0
2018,NUTS,2010,BE1,1,4818.0
2019,NUTS,2010,BE1,1,4809.0
2002,NUTS,2010,BE10,2,3219.0
2003,NUTS,2010,BE10,2,3333.0
2004,NUTS,2010,BE10,2,3433.0
2005,NUTS,2010,BE10,2,3448.0
2006,NUTS,2010,BE10,2,3618.0
2007,NUTS,2010,BE10,2,3734.0
2008,NUTS,2010,BE10,2,3942.0
2009,NUTS,2010,BE10,2,4098.0
2010,NUTS,2010,BE10,2,4014.0
2011,NUTS,2010,BE10,2,4017.0
2012,NUTS,2010,BE10,2,4046.0
2013,NUTS,2010,BE10,2,4069.0
2014,NUTS,2010,BE10,2,4471.0
2015,NUTS,2010,BE10,2,5121.0
2016,NUTS,2010,BE10,2,4984.0
2017,NUTS,2010,BE10,2,5069.0
2018,NUTS,2010,BE10,2,4818.0
2019,NUTS,2010,BE10,2,4809.0
2002,NUTS,2010,BE2,1,8279.0
2003,NUTS,2010,BE2,1,8610.0
2004,NUTS,2010,BE2,1,9760.0
2005,NUTS,2010,BE2,1,9987.0
2006,NUTS,2010,BE2,1,10383.0
2007,NUTS,2010,BE2,1,10894.0
2008,NUTS,2010,BE2,1,11560.0
2009,NUTS,2010,BE2,1,12195.0
2010,NUTS,2010,BE2,1,12873.0
2011,NUTS,2010,BE2,1,13140.0
2012,NUTS,2010,BE2,1,13399.0
2013,NUTS,2010,BE2,1,13808.0
2014,NUTS,2010,BE2,1,14013.0
2015,NUTS,2010,BE2,1,14154.0
2016,NUTS,2010,BE2,1,13917.0
2017,NUTS,2010,BE2,1,14103.0
2018,NUTS,2010,BE2,1,14712.0
2019,NUTS,2010,BE2,1,15223.0
2002,NUTS,2010,BE3,1,4610.0
2003,NUTS,2010,BE3,1,4589.0
2004,NUTS,2010,BE3,1,4264.0
2005,NUTS,2010,BE3,1,4332.0
2006,NUTS,2010,BE3,1,4710.0
2007,NUTS,2010,BE3,1,4916.0
2008,NUTS,2010,BE3,1,5169.0
2009,NUTS,2010,BE3,1,5324.0
2010,NUTS,2010,BE3,1,5483.0
2011,NUTS,2010,BE3,1,5552.0
2012,NUTS,2010,BE3,1,5325.0
2013,NUTS,2010,BE3,1,5279.0
2014,NUTS,2010,BE3,1,5249.0
2015,NUTS,2010,BE3,1,6880.0
2016,NUTS,2010,BE3,1,6052.0
2017,NUTS,2010,BE3,1,5889.0
2018,NUTS,2010,BE3,1,5834.0
2019,NUTS,2010,BE3,1,5840.0
2014,NUTS,2010,BEZ,1,0.0
2015,NUTS,2010,BEZ,1,0.0
2018,NUTS,2010,BEZ,1,0.0
2019,NUTS,2010,BEZ,1,0.0
2014,NUTS,2010,BEZZ,2,0.0
2015,NUTS,2010,BEZZ,2,0.0
2018,NUTS,2010,BEZZ,2,0.0
2019,NUTS,2010,BEZZ,2,0.0
1993,NUTS,2010,BG,0,13924.0
1994,NUTS,2010,BG,0,5699.0
1995,NUTS,2010,BG,0,7208.0
1996,NUTS,2010,BG,0,6967.0
1997,NUTS,2010,BG,0,3308.0
1998,NUTS,2010,BG,0,3081.0
1999,NUTS,2010,BG,0,2855.0
2000,NUTS,2010,BG,0,2414.0
2001,NUTS,2010,BG,0,2563.0
2002,NUTS,2010,BG,0,2851.0
2003,NUTS,2010,BG,0,2875.0
2004,NUTS,2010,BG,0,3036.0
2005,NUTS,2010,BG,0,3367.0
2006,NUTS,2010,BG,0,3464.0
2007,NUTS,2010,BG,0,4269.0
2008,NUTS,2010,BG,0,4511.0
2009,NUTS,2010,BG,0,5367.0
2010,NUTS,2010,BG,0,4362.0
2011,NUTS,2010,BG,0,5216.0
2012,NUTS,2010,BG,0,4356.0
2013,NUTS,2010,BG,0,4517.0
2014,NUTS,2010,BG,0,5064.0
2015,NUTS,2010,BG,0,4521.0
2016,NUTS,2010,BG,0,5707.0
2017,NUTS,2010,BG,0,4414.0
2018,NUTS,2010,BG,0,4404.0
2019,NUTS,2010,BG,0,4123.0
2020,NUTS,2010,BG,0,4059.0
2002,NUTS,2010,BG3,1,1136.0
2003,NUTS,2010,BG3,1,1236.0
2004,NUTS,2010,BG3,1,1361.0
2005,NUTS,2010,BG3,1,1587.0
2006,NUTS,2010,BG3,1,1590.0
2007,NUTS,2010,BG3,1,1731.0
2008,NUTS,2010,BG3,1,1788.0
2011,NUTS,2010,BG3,1,1846.0
2012,NUTS,2010,BG3,1,1739.0
2013,NUTS,2010,BG3,1,1842.0
2014,NUTS,2010,BG3,1,2321.0
2015,NUTS,2010,BG3,1,1965.0
2016,NUTS,2010,BG3,1,1872.0
2017,NUTS,2010,BG3,1,1768.0
2018,NUTS,2010,BG3,1,1872.0
2019,NUTS,2010,BG3,1,1884.0
2002,NUTS,2010,BG32,2,415.0
2003,NUTS,2010,BG32,2,297.0
2004,NUTS,2010,BG32,2,352.0
2005,NUTS,2010,BG32,2,743.0
2008,NUTS,2010,BG32,2,663.0
2009,NUTS,2010,BG32,2,547.0
2010,NUTS,2010,BG32,2,423.0
2011,NUTS,2010,BG32,2,499.0
2012,NUTS,2010,BG32,2,464.0
2013,NUTS,2010,BG32,2,487.0
2014,NUTS,2010,BG32,2,893.0
2015,NUTS,2010,BG32,2,644.0
2016,NUTS,2010,BG32,2,510.0
2017,NUTS,2010,BG32,2,496.0
2018,NUTS,2010,BG32,2,522.0
2019,NUTS,2010,BG32,2,432.0
2006,NUTS,2010,BG33,2,475.0
2007,NUTS,2010,BG33,2,420.0
2008,NUTS,2010,BG33,2,381.0
2010,NUTS,2010,BG33,2,583.0
2012,NUTS,2010,BG33,2,811.0
2013,NUTS,2010,BG33,2,805.0
2014,NUTS,2010,BG33,2,991.0
2015,NUTS,2010,BG33,2,899.0
2002,NUTS,2010,BG34,2,373.0
2003,NUTS,2010,BG34,2,432.0
2004,NUTS,2010,BG34,2,390.0
2005,NUTS,2010,BG34,2,323.0
2006,NUTS,2010,BG34,2,371.0
2007,NUTS,2010,BG34,2,519.0
2010,NUTS,2010,BG34,2,504.0
2011,NUTS,2010,BG34,2,480.0
2016,NUTS,2010,BG34,2,368.0
2017,NUTS,2010,BG34,2,347.0
2002,NUTS,2010,BG4,1,1715.0
2003,NUTS,2010,BG4,1,1639.0
2004,NUTS,2010,BG4,1,1675.0
2005,NUTS,2010,BG4,1,1780.0
2006,NUTS,2010,BG4,1,1874.0
2007,NUTS,2010,BG4,1,2538.0
2008,NUTS,2010,BG4,1,2723.0
2011,NUTS,2010,BG4,1,3370.0
2012,NUTS,2010,BG4,1,2617.0
2013,NUTS,2010,BG4,1,2675.0
2014,NUTS,2010,BG4,1,2743.0
2015,NUTS,2010,BG4,1,2556.0
2016,NUTS,2010,BG4,1,3835.0
2017,NUTS,2010,BG4,1,2646.0
2018,NUTS,2010,BG4,1,2532.0
2019,NUTS,2010,BG4,1,2239.0
1999,NUTS,2010,BG41,2,1498.0
2000,NUTS,2010,BG41,2,1480.0
2002,NUTS,2010,BG41,2,1451.0
2003,NUTS,2010,BG41,2,1312.0
2004,NUTS,2010,BG41,2,1328.0
2005,NUTS,2010,BG41,2,1462.0
2008,NUTS,2010,BG41,2,2101.0
2009,NUTS,2010,BG41,2,2680.0
2010,NUTS,2010,BG41,2,2139.0
2013,NUTS,2010,BG41,2,2202.0
2015,NUTS,2010,BG41,2,2001.0
2016,NUTS,2010,BG41,2,3406.0
2017,NUTS,2010,BG41,2,2151.0
2018,NUTS,2010,BG41,2,2004.0
2019,NUTS,2010,BG41,2,1594.0
2002,NUTS,2010,BG42,2,264.0
2003,NUTS,2010,BG42,2,327.0
2004,NUTS,2010,BG42,2,347.0
2005,NUTS,2010,BG42,2,318.0
2008,NUTS,2010,BG42,2,622.0
2013,NUTS,2010,BG42,2,473.0
2015,NUTS,2010,BG42,2,555.0
2016,NUTS,2010,BG42,2,429.0
2017,NUTS,2010,BG42,2,495.0
2018,NUTS,2010,BG42,2,528.0
2019,NUTS,2010,BG42,2,645.0
2002,NUTS,2010,BGZ,1,0.0
2003,NUTS,2010,BGZ,1,0.0
2004,NUTS,2010,BGZ,1,0.0
2005,NUTS,2010,BGZ,1,0.0
2006,NUTS,2010,BGZ,1,0.0
2007,NUTS,2010,BGZ,1,0.0
2008,NUTS,2010,BGZ,1,0.0
2009,NUTS,2010,BGZ,1,0.0
2010,NUTS,2010,BGZ,1,0.0
2011,NUTS,2010,BGZ,1,0.0
2012,NUTS,2010,BGZ,1,0.0
2013,NUTS,2010,BGZ,1,0.0
2014,NUTS,2010,BGZ,1,0.0
2019,NUTS,2010,BGZ,1,0.0
2002,NUTS,2010,BGZZ,2,0.0
2003,NUTS,2010,BGZZ,2,0.0
2004,NUTS,2010,BGZZ,2,0.0
2005,NUTS,2010,BGZZ,2,0.0
2006,NUTS,2010,BGZZ,2,0.0
2007,NUTS,2010,BGZZ,2,0.0
2008,NUTS,2010,BGZZ,2,0.0
2009,NUTS,2010,BGZZ,2,0.0
2010,NUTS,2010,BGZZ,2,0.0
2011,NUTS,2010,BGZZ,2,0.0
2012,NUTS,2010,BGZZ,2,0.0
2013,NUTS,2010,BGZZ,2,0.0
2014,NUTS,2010,BGZZ,2,0.0
2019,NUTS,2010,BGZZ,2,0.0
1986,NUTS,2010,CH,0,7100.0
1988,NUTS,2010,CH,0,8800.0
1989,NUTS,2010,CH,0,9700.0
1992,NUTS,2010,CH,0,12200.0
1994,NUTS,2010,CH,0,12540.0
1996,NUTS,2010,CH,0,14320.0
1998,NUTS,2010,CH,0,14248.0
2000,NUTS,2010,CH,0,15200.0
2002,NUTS,2010,CH,0,16915.0
2004,NUTS,2010,CH,0,18355.0
2006,NUTS,2010,CH,0,19290.0
2008,NUTS,2010,CH,0,21425.0
2010,NUTS,2010,CH,0,24719.0
2012,NUTS,2010,CH,0,26945.0
2015,NUTS,2010,CH,0,29717.0
2017,NUTS,2010,CH,0,31523.0
2019,NUTS,2010,CH,0,33190.0
1991,NUTS,2010,CN_X_HK,5,144800.0
1992,NUTS,2010,CN_X_HK,5,128100.0
1993,NUTS,2010,CN_X_HK,5,139300.0
1994,NUTS,2010,CN_X_HK,5,172300.0
1995,NUTS,2010,CN_X_HK,5,144200.0
1996,NUTS,2010,CN_X_HK,5,148100.0
1997,NUTS,2010,CN_X_HK,5,165800.0
1998,NUTS,2010,CN_X_HK,5,168800.0
1999,NUTS,2010,CN_X_HK,5,176000.0
2000,NUTS,2010,CN_X_HK,5,159246.0
2001,NUTS,2010,CN_X_HK,5,171126.0
2002,NUTS,2010,CN_X_HK,5,181498.0
2003,NUTS,2010,CN_X_HK,5,189257.0
2004,NUTS,2010,CN_X_HK,5,212075.0
2005,NUTS,2010,CN_X_HK,5,227163.0
2006,NUTS,2010,CN_X_HK,5,242505.0
2007,NUTS,2010,CN_X_HK,5,253901.0
2008,NUTS,2010,CN_X_HK,5,266813.0
2009,NUTS,2010,CN_X_HK,5,275191.0
2010,NUTS,2010,CN_X_HK,5,289670.0
2011,NUTS,2010,CN_X_HK,5,299296.0
2012,NUTS,2010,CN_X_HK,5,313520.0
2013,NUTS,2010,CN_X_HK,5,324942.0
2014,NUTS,2010,CN_X_HK,5,334794.0
2015,NUTS,2010,CN_X_HK,5,354861.0
2016,NUTS,2010,CN_X_HK,5,360049.0
2017,NUTS,2010,CN_X_HK,5,382160.0
2018,NUTS,2010,CN_X_HK,5,410893.0
2019,NUTS,2010,CN_X_HK,5,565478.0
1991,NUTS,2010,CY,0,2.0
1992,NUTS,2010,CY,0,2.0
1998,NUTS,2010,CY,0,115.0
1999,NUTS,2010,CY,0,125.0
2000,NUTS,2010,CY,0,137.0
2001,NUTS,2010,CY,0,144.0
2002,NUTS,2010,CY,0,206.0
2003,NUTS,2010,CY,0,271.0
2004,NUTS,2010,CY,0,368.0
2005,NUTS,2010,CY,0,444.0
2006,NUTS,2010,CY,0,466.0
2007,NUTS,2010,CY,0,510.0
2008,NUTS,2010,CY,0,478.0
2009,NUTS,2010,CY,0,546.0
2010,NUTS,2010,CY,0,589.0
2011,NUTS,2010,CY,0,628.0
2012,NUTS,2010,CY,0,599.0
2013,NUTS,2010,CY,0,617.0
2014,NUTS,2010,CY,0,599.0
2015,NUTS,2010,CY,0,588.0
2016,NUTS,2010,CY,0,583.0
2017,NUTS,2010,CY,0,673.0
2018,NUTS,2010,CY,0,734.0
2019,NUTS,2010,CY,0,821.0
2020,NUTS,2010,CY,0,840.0
1991,NUTS,2010,CZ,0,2797.0
1992,NUTS,2010,CZ,0,1781.0
1993,NUTS,2010,CZ,0,2741.0
1994,NUTS,2010,CZ,0,3397.0
1995,NUTS,2010,CZ,0,3689.0
1996,NUTS,2010,CZ,0,4404.0
1997,NUTS,2010,CZ,0,3981.0
1998,NUTS,2010,CZ,0,4026.0
1999,NUTS,2010,CZ,0,4736.0
2000,NUTS,2010,CZ,0,5331.0
2001,NUTS,2010,CZ,0,6046.0
2002,NUTS,2010,CZ,0,5847.0
2003,NUTS,2010,CZ,0,5987.0
2004,NUTS,2010,CZ,0,6104.0
2005,NUTS,2010,CZ,0,10972.0
2006,NUTS,2010,CZ,0,12987.0
2007,NUTS,2010,CZ,0,12659.0
2008,NUTS,2010,CZ,0,13360.0
2009,NUTS,2010,CZ,0,13812.0
2010,NUTS,2010,CZ,0,14056.0
2011,NUTS,2010,CZ,0,14724.0
2012,NUTS,2010,CZ,0,16441.0
2013,NUTS,2010,CZ,0,16240.0
2014,NUTS,2010,CZ,0,16525.0
2015,NUTS,2010,CZ,0,16868.0
2016,NUTS,2010,CZ,0,15201.0
2017,NUTS,2010,CZ,0,15803.0
2018,NUTS,2010,CZ,0,18226.0
2019,NUTS,2010,CZ,0,19647.0
2020,NUTS,2010,CZ,0,20007.0
1991,NUTS,2010,CZ0,1,2797.0
1992,NUTS,2010,CZ0,1,1781.0
1993,NUTS,2010,CZ0,1,2741.0
1994,NUTS,2010,CZ0,1,3397.0
1995,NUTS,2010,CZ0,1,3689.0
1996,NUTS,2010,CZ0,1,4404.0
1997,NUTS,2010,CZ0,1,3981.0
1998,NUTS,2010,CZ0,1,4026.0
1999,NUTS,2010,CZ0,1,4736.0
2000,NUTS,2010,CZ0,1,5331.0
2001,NUTS,2010,CZ0,1,6046.0
2002,NUTS,2010,CZ0,1,5847.0
2003,NUTS,2010,CZ0,1,5987.0
2004,NUTS,2010,CZ0,1,6104.0
2005,NUTS,2010,CZ0,1,10972.0
2006,NUTS,2010,CZ0,1,12987.0
2007,NUTS,2010,CZ0,1,12659.0
2008,NUTS,2010,CZ0,1,13360.0
2009,NUTS,2010,CZ0,1,13812.0
2010,NUTS,2010,CZ0,1,14056.0
2011,NUTS,2010,CZ0,1,14724.0
2012,NUTS,2010,CZ0,1,16441.0
2013,NUTS,2010,CZ0,1,16240.0
2014,NUTS,2010,CZ0,1,16525.0
2015,NUTS,2010,CZ0,1,16868.0
2016,NUTS,2010,CZ0,1,15201.0
2017,NUTS,2010,CZ0,1,15803.0
2018,NUTS,2010,CZ0,1,18226.0
2019,NUTS,2010,CZ0,1,19647.0
2020,NUTS,2010,CZ0,1,20007.0
2001,NUTS,2010,CZ01,2,2868.0
2002,NUTS,2010,CZ01,2,2940.0
2003,NUTS,2010,CZ01,2,3189.0
2004,NUTS,2010,CZ01,2,2997.0
2005,NUTS,2010,CZ01,2,4437.0
2006,NUTS,2010,CZ01,2,5137.0
2007,NUTS,2010,CZ01,2,5588.0
2008,NUTS,2010,CZ01,2,5560.0
2009,NUTS,2010,CZ01,2,5825.0
2010,NUTS,2010,CZ01,2,5811.0
2011,NUTS,2010,CZ01,2,5913.0
2012,NUTS,2010,CZ01,2,5603.0
2013,NUTS,2010,CZ01,2,6273.0
2014,NUTS,2010,CZ01,2,5932.0
2015,NUTS,2010,CZ01,2,5981.0
2016,NUTS,2010,CZ01,2,4699.0
2017,NUTS,2010,CZ01,2,5411.0
2018,NUTS,2010,CZ01,2,6595.0
2019,NUTS,2010,CZ01,2,7290.0
2020,NUTS,2010,CZ01,2,7410.0
2001,NUTS,2010,CZ02,2,0.0
2002,NUTS,2010,CZ02,2,0.0
2003,NUTS,2010,CZ02,2,0.0
2004,NUTS,2010,CZ02,2,1.0
2005,NUTS,2010,CZ02,2,13.0
2006,NUTS,2010,CZ02,2,44.0
2007,NUTS,2010,CZ02,2,47.0
2008,NUTS,2010,CZ02,2,62.0
2009,NUTS,2010,CZ02,2,58.0
2010,NUTS,2010,CZ02,2,45.0
2011,NUTS,2010,CZ02,2,123.0
2012,NUTS,2010,CZ02,2,136.0
2013,NUTS,2010,CZ02,2,160.0
2014,NUTS,2010,CZ02,2,222.0
2015,NUTS,2010,CZ02,2,254.0
2016,NUTS,2010,CZ02,2,188.0
2017,NUTS,2010,CZ02,2,204.0
2018,NUTS,2010,CZ02,2,216.0
2019,NUTS,2010,CZ02,2,254.0
2020,NUTS,2010,CZ02,2,248.0
2001,NUTS,2010,CZ03,2,630.0
2002,NUTS,2010,CZ03,2,708.0
2003,NUTS,2010,CZ03,2,546.0
2004,NUTS,2010,CZ03,2,518.0
2005,NUTS,2010,CZ03,2,1066.0
2006,NUTS,2010,CZ03,2,1490.0
2007,NUTS,2010,CZ03,2,1493.0
2008,NUTS,2010,CZ03,2,1382.0
2009,NUTS,2010,CZ03,2,1319.0
2010,NUTS,2010,CZ03,2,1216.0
2011,NUTS,2010,CZ03,2,1394.0
2012,NUTS,2010,CZ03,2,1401.0
2013,NUTS,2010,CZ03,2,1551.0
2014,NUTS,2010,CZ03,2,1831.0
2015,NUTS,2010,CZ03,2,1481.0
2016,NUTS,2010,CZ03,2,1373.0
2017,NUTS,2010,CZ03,2,1494.0
2018,NUTS,2010,CZ03,2,1593.0
2019,NUTS,2010,CZ03,2,1619.0
2020,NUTS,2010,CZ03,2,1741.0
2001,NUTS,2010,CZ04,2,148.0
2002,NUTS,2010,CZ04,2,123.0
2003,NUTS,2010,CZ04,2,94.0
2004,NUTS,2010,CZ04,2,111.0
2005,NUTS,2010,CZ04,2,140.0
2006,NUTS,2010,CZ04,2,204.0
2007,NUTS,2010,CZ04,2,191.0
2008,NUTS,2010,CZ04,2,180.0
2009,NUTS,2010,CZ04,2,186.0
2010,NUTS,2010,CZ04,2,193.0
2011,NUTS,2010,CZ04,2,175.0
2012,NUTS,2010,CZ04,2,204.0
2013,NUTS,2010,CZ04,2,242.0
2014,NUTS,2010,CZ04,2,245.0
2015,NUTS,2010,CZ04,2,264.0
2016,NUTS,2010,CZ04,2,245.0
2017,NUTS,2010,CZ04,2,290.0
2018,NUTS,2010,CZ04,2,361.0
2019,NUTS,2010,CZ04,2,295.0
2020,NUTS,2010,CZ04,2,215.0
2001,NUTS,2010,CZ05,2,355.0
2002,NUTS,2010,CZ05,2,338.0
2003,NUTS,2010,CZ05,2,366.0
2004,NUTS,2010,CZ05,2,471.0
2005,NUTS,2010,CZ05,2,907.0
2006,NUTS,2010,CZ05,2,1320.0
2007,NUTS,2010,CZ05,2,1063.0
2008,NUTS,2010,CZ05,2,914.0
2009,NUTS,2010,CZ05,2,800.0
2010,NUTS,2010,CZ05,2,842.0
2011,NUTS,2010,CZ05,2,1294.0
2012,NUTS,2010,CZ05,2,1272.0
2013,NUTS,2010,CZ05,2,1265.0
2014,NUTS,2010,CZ05,2,1301.0
2015,NUTS,2010,CZ05,2,1325.0
2016,NUTS,2010,CZ05,2,1269.0
2017,NUTS,2010,CZ05,2,1325.0
2018,NUTS,2010,CZ05,2,1536.0
2019,NUTS,2010,CZ05,2,1464.0
2020,NUTS,2010,CZ05,2,1469.0
2001,NUTS,2010,CZ06,2,1223.0
2002,NUTS,2010,CZ06,2,920.0
2003,NUTS,2010,CZ06,2,975.0
2004,NUTS,2010,CZ06,2,1119.0
2005,NUTS,2010,CZ06,2,2217.0
2006,NUTS,2010,CZ06,2,2421.0
2007,NUTS,2010,CZ06,2,2302.0
2008,NUTS,2010,CZ06,2,3147.0
2009,NUTS,2010,CZ06,2,3358.0
2010,NUTS,2010,CZ06,2,3415.0
2011,NUTS,2010,CZ06,2,3014.0
2012,NUTS,2010,CZ06,2,4066.0
2013,NUTS,2010,CZ06,2,3890.0
2014,NUTS,2010,CZ06,2,3930.0
2015,NUTS,2010,CZ06,2,4101.0
2016,NUTS,2010,CZ06,2,4034.0
2017,NUTS,2010,CZ06,2,4061.0
2018,NUTS,2010,CZ06,2,4612.0
2019,NUTS,2010,CZ06,2,5164.0
2020,NUTS,2010,CZ06,2,5327.0
2001,NUTS,2010,CZ07,2,395.0
2002,NUTS,2010,CZ07,2,341.0
2003,NUTS,2010,CZ07,2,363.0
2004,NUTS,2010,CZ07,2,467.0
2005,NUTS,2010,CZ07,2,1335.0
2006,NUTS,2010,CZ07,2,1379.0
2007,NUTS,2010,CZ07,2,926.0
2008,NUTS,2010,CZ07,2,1031.0
2009,NUTS,2010,CZ07,2,1013.0
2010,NUTS,2010,CZ07,2,1174.0
2011,NUTS,2010,CZ07,2,1306.0
2012,NUTS,2010,CZ07,2,1521.0
2013,NUTS,2010,CZ07,2,1709.0
2014,NUTS,2010,CZ07,2,1810.0
2015,NUTS,2010,CZ07,2,2162.0
2016,NUTS,2010,CZ07,2,2129.0
2017,NUTS,2010,CZ07,2,1718.0
2018,NUTS,2010,CZ07,2,1748.0
2019,NUTS,2010,CZ07,2,1863.0
2020,NUTS,2010,CZ07,2,1825.0
2001,NUTS,2010,CZ08,2,426.0
2002,NUTS,2010,CZ08,2,477.0
2003,NUTS,2010,CZ08,2,454.0
2004,NUTS,2010,CZ08,2,421.0
2005,NUTS,2010,CZ08,2,856.0
2006,NUTS,2010,CZ08,2,992.0
2007,NUTS,2010,CZ08,2,1048.0
2008,NUTS,2010,CZ08,2,1084.0
2009,NUTS,2010,CZ08,2,1254.0
2010,NUTS,2010,CZ08,2,1361.0
2011,NUTS,2010,CZ08,2,1505.0
2012,NUTS,2010,CZ08,2,2238.0
2013,NUTS,2010,CZ08,2,1149.0
2014,NUTS,2010,CZ08,2,1256.0
2015,NUTS,2010,CZ08,2,1301.0
2016,NUTS,2010,CZ08,2,1264.0
2017,NUTS,2010,CZ08,2,1301.0
2018,NUTS,2010,CZ08,2,1566.0
2019,NUTS,2010,CZ08,2,1698.0
2020,NUTS,2010,CZ08,2,1773.0
2015,NUTS,2010,CZZ,1,0.0
2016,NUTS,2010,CZZ,1,0.0
2017,NUTS,2010,CZZ,1,0.0
2018,NUTS,2010,CZZ,1,0.0
2019,NUTS,2010,CZZ,1,0.0
2020,NUTS,2010,CZZ,1,0.0
2015,NUTS,2010,CZZZ,2,0.0
2016,NUTS,2010,CZZZ,2,0.0
2017,NUTS,2010,CZZZ,2,0.0
2018,NUTS,2010,CZZZ,2,0.0
2019,NUTS,2010,CZZZ,2,0.0
2020,NUTS,2010,CZZZ,2,0.0
1981,NUTS,2010,DE,0,58614.0
1983,NUTS,2010,DE,0,60504.0
1985,NUTS,2010,DE,0,62188.0
1987,NUTS,2010,DE,0,67180.0
1989,NUTS,2010,DE,0,69667.0
1991,NUTS,2010,DE,0,103864.0
1992,NUTS,2010,DE,0,107270.0
1993,NUTS,2010,DE,0,110020.0
1995,NUTS,2010,DE,0,100674.0
1996,NUTS,2010,DE,0,102160.0
1997,NUTS,2010,DE,0,100646.0
1998,NUTS,2010,DE,0,100080.0
1999,NUTS,2010,DE,0,101471.0
2000,NUTS,2010,DE,0,100790.0
2001,NUTS,2010,DE,0,101443.0
2002,NUTS,2010,DE,0,104714.0
2003,NUTS,2010,DE,0,100594.0
2004,NUTS,2010,DE,0,96092.0
2005,NUTS,2010,DE,0,94522.0
2006,NUTS,2010,DE,0,97433.0
2007,NUTS,2010,DE,0,103953.0
2008,NUTS,2010,DE,0,107529.0
2009,NUTS,2010,DE,0,115851.0
2010,NUTS,2010,DE,0,120981.0
2011,NUTS,2010,DE,0,124308.0
2012,NUTS,2010,DE,0,127900.0
2013,NUTS,2010,DE,0,130079.0
2014,NUTS,2010,DE,0,132542.0
2015,NUTS,2010,DE,0,134032.0
2016,NUTS,2010,DE,0,141661.0
2017,NUTS,2010,DE,0,143753.0
2018,NUTS,2010,DE,0,147160.0
2019,NUTS,2010,DE,0,147316.0
2020,NUTS,2010,DE,0,153100.0
1987,NUTS,2010,DE1,1,11519.0
1989,NUTS,2010,DE1,1,11446.0
1991,NUTS,2010,DE1,1,15109.0
1995,NUTS,2010,DE1,1,12967.0
1996,NUTS,2010,DE1,1,13468.0
1997,NUTS,2010,DE1,1,12789.0
1998,NUTS,2010,DE1,1,12928.0
1999,NUTS,2010,DE1,1,13746.0
2000,NUTS,2010,DE1,1,13502.0
2003,NUTS,2010,DE1,1,14430.0
2004,NUTS,2010,DE1,1,13930.0
2005,NUTS,2010,DE1,1,13759.0
2006,NUTS,2010,DE1,1,12773.0
2007,NUTS,2010,DE1,1,14564.0
2008,NUTS,2010,DE1,1,15383.0
2009,NUTS,2010,DE1,1,16741.0
2010,NUTS,2010,DE1,1,17893.0
2011,NUTS,2010,DE1,1,18076.0
2012,NUTS,2010,DE1,1,19028.0
2013,NUTS,2010,DE1,1,18857.0
2014,NUTS,2010,DE1,1,18981.0
2015,NUTS,2010,DE1,1,18981.0
2016,NUTS,2010,DE1,1,20398.0
2017,NUTS,2010,DE1,1,20809.0
2018,NUTS,2010,DE1,1,21171.0
2019,NUTS,2010,DE1,1,20926.0
1995,NUTS,2010,DE11,2,3251.0
1996,NUTS,2010,DE11,2,3286.0
1997,NUTS,2010,DE11,2,2915.0
1998,NUTS,2010,DE11,2,3302.0
1999,NUTS,2010,DE11,2,3159.0
2000,NUTS,2010,DE11,2,3116.0
2003,NUTS,2010,DE11,2,3211.0
2004,NUTS,2010,DE11,2,3140.0
2005,NUTS,2010,DE11,2,3158.0
2006,NUTS,2010,DE11,2,2810.0
2007,NUTS,2010,DE11,2,2941.0
2008,NUTS,2010,DE11,2,2950.0
2009,NUTS,2010,DE11,2,3194.0
2010,NUTS,2010,DE11,2,3417.0
2011,NUTS,2010,DE11,2,3370.0
2012,NUTS,2010,DE11,2,3758.0
2013,NUTS,2010,DE11,2,3845.0
2014,NUTS,2010,DE11,2,3802.0
2015,NUTS,2010,DE11,2,3854.0
2016,NUTS,2010,DE11,2,4558.0
2017,NUTS,2010,DE11,2,4594.0
2018,NUTS,2010,DE11,2,4552.0
2019,NUTS,2010,DE11,2,4489.0
1995,NUTS,2010,DE12,2,4863.0
1996,NUTS,2010,DE12,2,5054.0
1997,NUTS,2010,DE12,2,4988.0
1998,NUTS,2010,DE12,2,4709.0
1999,NUTS,2010,DE12,2,4788.0
2000,NUTS,2010,DE12,2,4273.0
2003,NUTS,2010,DE12,2,4864.0
2004,NUTS,2010,DE12,2,4963.0
2005,NUTS,2010,DE12,2,5023.0
2006,NUTS,2010,DE12,2,4875.0
2007,NUTS,2010,DE12,2,4985.0
2008,NUTS,2010,DE12,2,5461.0
2009,NUTS,2010,DE12,2,6084.0
2010,NUTS,2010,DE12,2,6612.0
2011,NUTS,2010,DE12,2,6623.0
2012,NUTS,2010,DE12,2,6970.0
2013,NUTS,2010,DE12,2,6924.0
2014,NUTS,2010,DE12,2,6815.0
2015,NUTS,2010,DE12,2,6665.0
2016,NUTS,2010,DE12,2,6983.0
2017,NUTS,2010,DE12,2,7140.0
2018,NUTS,2010,DE12,2,7346.0
2019,NUTS,2010,DE12,2,7046.0
1995,NUTS,2010,DE13,2,2006.0
1996,NUTS,2010,DE13,2,2209.0
1997,NUTS,2010,DE13,2,2223.0
1998,NUTS,2010,DE13,2,2068.0
1999,NUTS,2010,DE13,2,2306.0
2000,NUTS,2010,DE13,2,2577.0
2003,NUTS,2010,DE13,2,3062.0
2004,NUTS,2010,DE13,2,2653.0
2005,NUTS,2010,DE13,2,2549.0
2006,NUTS,2010,DE13,2,2225.0
2007,NUTS,2010,DE13,2,2897.0
2008,NUTS,2010,DE13,2,3119.0
2009,NUTS,2010,DE13,2,3477.0
2010,NUTS,2010,DE13,2,3697.0
2011,NUTS,2010,DE13,2,3740.0
2012,NUTS,2010,DE13,2,3872.0
2013,NUTS,2010,DE13,2,3949.0
2014,NUTS,2010,DE13,2,4156.0
2015,NUTS,2010,DE13,2,4132.0
2016,NUTS,2010,DE13,2,4426.0
2017,NUTS,2010,DE13,2,4449.0
2018,NUTS,2010,DE13,2,4503.0
2019,NUTS,2010,DE13,2,4549.0
1995,NUTS,2010,DE14,2,2847.0
1996,NUTS,2010,DE14,2,2919.0
1997,NUTS,2010,DE14,2,2663.0
1998,NUTS,2010,DE14,2,2849.0
1999,NUTS,2010,DE14,2,3492.0
2000,NUTS,2010,DE14,2,3537.0
2003,NUTS,2010,DE14,2,3294.0
2004,NUTS,2010,DE14,2,3174.0
2005,NUTS,2010,DE14,2,3030.0
2006,NUTS,2010,DE14,2,2864.0
2007,NUTS,2010,DE14,2,3741.0
2008,NUTS,2010,DE14,2,3854.0
2009,NUTS,2010,DE14,2,3986.0
2010,NUTS,2010,DE14,2,4168.0
2011,NUTS,2010,DE14,2,4343.0
2012,NUTS,2010,DE14,2,4428.0
2013,NUTS,2010,DE14,2,4140.0
2014,NUTS,2010,DE14,2,4208.0
2015,NUTS,2010,DE14,2,4331.0
2016,NUTS,2010,DE14,2,4431.0
2017,NUTS,2010,DE14,2,4626.0
2018,NUTS,2010,DE14,2,4771.0
2019,NUTS,2010,DE14,2,4843.0
1987,NUTS,2010,DE2,1,10106.0
1989,NUTS,2010,DE2,1,10637.0
1991,NUTS,2010,DE2,1,12615.0
1995,NUTS,2010,DE2,1,12377.0
1996,NUTS,2010,DE2,1,12800.0
1997,NUTS,2010,DE2,1,12740.0
1998,NUTS,2010,DE2,1,12645.0
1999,NUTS,2010,DE2,1,12829.0
2000,NUTS,2010,DE2,1,13049.0
2003,NUTS,2010,DE2,1,12546.0
2004,NUTS,2010,DE2,1,12162.0
2005,NUTS,2010,DE2,1,11340.0
2006,NUTS,2010,DE2,1,13263.0
2007,NUTS,2010,DE2,1,14573.0
2008,NUTS,2010,DE2,1,15576.0
2009,NUTS,2010,DE2,1,17252.0
2010,NUTS,2010,DE2,1,16215.0
2011,NUTS,2010,DE2,1,16860.0
2012,NUTS,2010,DE2,1,17288.0
2013,NUTS,2010,DE2,1,18652.0
2014,NUTS,2010,DE2,1,18995.0
2015,NUTS,2010,DE2,1,19007.0
2016,NUTS,2010,DE2,1,19850.0
2017,NUTS,2010,DE2,1,20053.0
2018,NUTS,2010,DE2,1,20659.0
2019,NUTS,2010,DE2,1,21441.0
1995,NUTS,2010,DE21,2,6301.0
1996,NUTS,2010,DE21,2,6365.0
1997,NUTS,2010,DE21,2,6289.0
1998,NUTS,2010,DE21,2,6245.0
1999,NUTS,2010,DE21,2,6361.0
2000,NUTS,2010,DE21,2,6450.0
2003,NUTS,2010,DE21,2,5695.0
2004,NUTS,2010,DE21,2,5989.0
2005,NUTS,2010,DE21,2,5442.0
2006,NUTS,2010,DE21,2,6332.0
2007,NUTS,2010,DE21,2,7405.0
2008,NUTS,2010,DE21,2,7939.0
2009,NUTS,2010,DE21,2,8250.0
2010,NUTS,2010,DE21,2,8079.0
2011,NUTS,2010,DE21,2,8291.0
2012,NUTS,2010,DE21,2,8435.0
2013,NUTS,2010,DE21,2,9411.0
2014,NUTS,2010,DE21,2,9490.0
2015,NUTS,2010,DE21,2,9681.0
2016,NUTS,2010,DE21,2,9685.0
2017,NUTS,2010,DE21,2,9654.0
2018,NUTS,2010,DE21,2,9794.0
2019,NUTS,2010,DE21,2,10139.0
1995,NUTS,2010,DE22,2,172.0
1996,NUTS,2010,DE22,2,180.0
1997,NUTS,2010,DE22,2,171.0
1998,NUTS,2010,DE22,2,164.0
1999,NUTS,2010,DE22,2,172.0
2000,NUTS,2010,DE22,2,174.0
2003,NUTS,2010,DE22,2,196.0
2004,NUTS,2010,DE22,2,204.0
2005,NUTS,2010,DE22,2,209.0
2006,NUTS,2010,DE22,2,224.0
2007,NUTS,2010,DE22,2,228.0
2008,NUTS,2010,DE22,2,222.0
2009,NUTS,2010,DE22,2,241.0
2010,NUTS,2010,DE22,2,250.0
2011,NUTS,2010,DE22,2,304.0
2012,NUTS,2010,DE22,2,307.0
2013,NUTS,2010,DE22,2,382.0
2014,NUTS,2010,DE22,2,449.0
2015,NUTS,2010,DE22,2,441.0
2016,NUTS,2010,DE22,2,559.0
2017,NUTS,2010,DE22,2,568.0
2018,NUTS,2010,DE22,2,640.0
2019,NUTS,2010,DE22,2,652.0
1995,NUTS,2010,DE23,2,928.0
1996,NUTS,2010,DE23,2,961.0
1997,NUTS,2010,DE23,2,935.0
1998,NUTS,2010,DE23,2,910.0
1999,NUTS,2010,DE23,2,986.0
2000,NUTS,2010,DE23,2,969.0
2003,NUTS,2010,DE23,2,1021.0
2004,NUTS,2010,DE23,2,971.0
2005,NUTS,2010,DE23,2,1099.0
2006,NUTS,2010,DE23,2,1306.0
2007,NUTS,2010,DE23,2,1204.0
2008,NUTS,2010,DE23,2,1380.0
2009,NUTS,2010,DE23,2,2328.0
2010,NUTS,2010,DE23,2,1357.0
2011,NUTS,2010,DE23,2,1387.0
2012,NUTS,2010,DE23,2,1420.0
2013,NUTS,2010,DE23,2,1438.0
2014,NUTS,2010,DE23,2,1505.0
2015,NUTS,2010,DE23,2,1535.0
2016,NUTS,2010,DE23,2,1639.0
2017,NUTS,2010,DE23,2,1655.0
2018,NUTS,2010,DE23,2,1691.0
2019,NUTS,2010,DE23,2,1758.0
1995,NUTS,2010,DE24,2,758.0
1996,NUTS,2010,DE24,2,735.0
1997,NUTS,2010,DE24,2,732.0
1998,NUTS,2010,DE24,2,760.0
1999,NUTS,2010,DE24,2,793.0
2000,NUTS,2010,DE24,2,782.0
2003,NUTS,2010,DE24,2,845.0
2004,NUTS,2010,DE24,2,823.0
2005,NUTS,2010,DE24,2,775.0
2006,NUTS,2010,DE24,2,818.0
2007,NUTS,2010,DE24,2,851.0
2008,NUTS,2010,DE24,2,890.0
2009,NUTS,2010,DE24,2,1027.0
2010,NUTS,2010,DE24,2,1055.0
2011,NUTS,2010,DE24,2,1118.0
2012,NUTS,2010,DE24,2,1136.0
2013,NUTS,2010,DE24,2,1213.0
2014,NUTS,2010,DE24,2,1174.0
2015,NUTS,2010,DE24,2,1179.0
2016,NUTS,2010,DE24,2,1322.0
2017,NUTS,2010,DE24,2,1359.0
2018,NUTS,2010,DE24,2,1415.0
2019,NUTS,2010,DE24,2,1500.0
1995,NUTS,2010,DE25,2,2256.0
1996,NUTS,2010,DE25,2,2446.0
1997,NUTS,2010,DE25,2,2461.0
1998,NUTS,2010,DE25,2,2427.0
1999,NUTS,2010,DE25,2,2395.0
2000,NUTS,2010,DE25,2,2494.0
2003,NUTS,2010,DE25,2,2420.0
2004,NUTS,2010,DE25,2,2391.0
2005,NUTS,2010,DE25,2,2145.0
2006,NUTS,2010,DE25,2,2164.0
2007,NUTS,2010,DE25,2,2611.0
2008,NUTS,2010,DE25,2,2757.0
2009,NUTS,2010,DE25,2,2985.0
2010,NUTS,2010,DE25,2,2989.0
2011,NUTS,2010,DE25,2,3147.0
2012,NUTS,2010,DE25,2,3349.0
2013,NUTS,2010,DE25,2,3473.0
2014,NUTS,2010,DE25,2,3627.0
2015,NUTS,2010,DE25,2,3526.0
2016,NUTS,2010,DE25,2,3702.0
2017,NUTS,2010,DE25,2,3721.0
2018,NUTS,2010,DE25,2,3841.0
2019,NUTS,2010,DE25,2,3975.0
1995,NUTS,2010,DE26,2,1702.0
1996,NUTS,2010,DE26,2,1852.0
1997,NUTS,2010,DE26,2,1816.0
1998,NUTS,2010,DE26,2,1810.0
1999,NUTS,2010,DE26,2,1787.0
2000,NUTS,2010,DE26,2,1838.0
2003,NUTS,2010,DE26,2,1999.0
2004,NUTS,2010,DE26,2,1400.0
2005,NUTS,2010,DE26,2,1380.0
2006,NUTS,2010,DE26,2,1981.0
2007,NUTS,2010,DE26,2,1818.0
2008,NUTS,2010,DE26,2,1917.0
2009,NUTS,2010,DE26,2,1942.0
2010,NUTS,2010,DE26,2,1985.0
2011,NUTS,2010,DE26,2,2102.0
2012,NUTS,2010,DE26,2,2131.0
2013,NUTS,2010,DE26,2,2191.0
2014,NUTS,2010,DE26,2,2181.0
2015,NUTS,2010,DE26,2,2040.0
2016,NUTS,2010,DE26,2,2200.0
2017,NUTS,2010,DE26,2,2311.0
2018,NUTS,2010,DE26,2,2426.0
2019,NUTS,2010,DE26,2,2386.0
1995,NUTS,2010,DE27,2,261.0
1996,NUTS,2010,DE27,2,261.0
1997,NUTS,2010,DE27,2,336.0
1998,NUTS,2010,DE27,2,329.0
1999,NUTS,2010,DE27,2,335.0
2000,NUTS,2010,DE27,2,343.0
2003,NUTS,2010,DE27,2,371.0
2004,NUTS,2010,DE27,2,384.0
2005,NUTS,2010,DE27,2,291.0
2006,NUTS,2010,DE27,2,438.0
2007,NUTS,2010,DE27,2,455.0
2008,NUTS,2010,DE27,2,470.0
2009,NUTS,2010,DE27,2,479.0
2010,NUTS,2010,DE27,2,501.0
2011,NUTS,2010,DE27,2,510.0
2012,NUTS,2010,DE27,2,509.0
2013,NUTS,2010,DE27,2,544.0
2014,NUTS,2010,DE27,2,569.0
2015,NUTS,2010,DE27,2,603.0
2016,NUTS,2010,DE27,2,743.0
2017,NUTS,2010,DE27,2,785.0
2018,NUTS,2010,DE27,2,852.0
2019,NUTS,2010,DE27,2,1032.0
1987,NUTS,2010,DE3,1,5267.0
1989,NUTS,2010,DE3,1,5399.0
1995,NUTS,2010,DE3,1,8241.0
1996,NUTS,2010,DE3,1,7680.0
1997,NUTS,2010,DE3,1,7472.0
1998,NUTS,2010,DE3,1,7002.0
1999,NUTS,2010,DE3,1,6731.0
2000,NUTS,2010,DE3,1,6688.0
2003,NUTS,2010,DE3,1,6683.0
2004,NUTS,2010,DE3,1,6922.0
2005,NUTS,2010,DE3,1,6836.0
2006,NUTS,2010,DE3,1,7290.0
2007,NUTS,2010,DE3,1,6844.0
2008,NUTS,2010,DE3,1,7488.0
2009,NUTS,2010,DE3,1,7915.0
2010,NUTS,2010,DE3,1,8217.0
2011,NUTS,2010,DE3,1,7984.0
2012,NUTS,2010,DE3,1,8507.0
2013,NUTS,2010,DE3,1,8099.0
2014,NUTS,2010,DE3,1,8414.0
2015,NUTS,2010,DE3,1,8616.0
2016,NUTS,2010,DE3,1,8844.0
2017,NUTS,2010,DE3,1,8655.0
2018,NUTS,2010,DE3,1,8553.0
2019,NUTS,2010,DE3,1,8716.0
1987,NUTS,2010,DE30,2,5267.0
1989,NUTS,2010,DE30,2,5399.0
1995,NUTS,2010,DE30,2,8241.0
1996,NUTS,2010,DE30,2,7680.0
1997,NUTS,2010,DE30,2,7472.0
1998,NUTS,2010,DE30,2,7002.0
1999,NUTS,2010,DE30,2,6731.0
2000,NUTS,2010,DE30,2,6688.0
2003,NUTS,2010,DE30,2,6683.0
2004,NUTS,2010,DE30,2,6922.0
2005,NUTS,2010,DE30,2,6836.0
2006,NUTS,2010,DE30,2,7290.0
2007,NUTS,2010,DE30,2,6844.0
2008,NUTS,2010,DE30,2,7488.0
2009,NUTS,2010,DE30,2,7915.0
2010,NUTS,2010,DE30,2,8217.0
2011,NUTS,2010,DE30,2,7984.0
2012,NUTS,2010,DE30,2,8507.0
2013,NUTS,2010,DE30,2,8099.0
2014,NUTS,2010,DE30,2,8414.0
2015,NUTS,2010,DE30,2,8616.0
2016,NUTS,2010,DE30,2,8844.0
2017,NUTS,2010,DE30,2,8655.0
2018,NUTS,2010,DE30,2,8553.0
2019,NUTS,2010,DE30,2,8716.0
1995,NUTS,2010,DE4,1,1246.0
1996,NUTS,2010,DE4,1,1267.0
1997,NUTS,2010,DE4,1,1214.0
1998,NUTS,2010,DE4,1,1253.0
1999,NUTS,2010,DE4,1,1225.0
2000,NUTS,2010,DE4,1,1253.0
2003,NUTS,2010,DE4,1,1388.0
2004,NUTS,2010,DE4,1,1360.0
2005,NUTS,2010,DE4,1,1393.0
2006,NUTS,2010,DE4,1,1374.0
2007,NUTS,2010,DE4,1,1370.0
2008,NUTS,2010,DE4,1,1413.0
2009,NUTS,2010,DE4,1,1702.0
2010,NUTS,2010,DE4,1,1908.0
2011,NUTS,2010,DE4,1,1920.0
2012,NUTS,2010,DE4,1,1980.0
2013,NUTS,2010,DE4,1,2054.0
2014,NUTS,2010,DE4,1,2038.0
2015,NUTS,2010,DE4,1,2010.0
2016,NUTS,2010,DE4,1,2203.0
2017,NUTS,2010,DE4,1,2321.0
2018,NUTS,2010,DE4,1,2393.0
2019,NUTS,2010,DE4,1,2406.0
1995,NUTS,2010,DE40,2,1246.0
1996,NUTS,2010,DE40,2,1267.0
1997,NUTS,2010,DE40,2,1214.0
1998,NUTS,2010,DE40,2,1253.0
1999,NUTS,2010,DE40,2,1225.0
2000,NUTS,2010,DE40,2,1253.0
2003,NUTS,2010,DE40,2,1388.0
2004,NUTS,2010,DE40,2,1360.0
2005,NUTS,2010,DE40,2,1393.0
2006,NUTS,2010,DE40,2,1374.0
2007,NUTS,2010,DE40,2,1369.0
2008,NUTS,2010,DE40,2,1413.0
2009,NUTS,2010,DE40,2,1702.0
2010,NUTS,2010,DE40,2,1908.0
2011,NUTS,2010,DE40,2,1920.0
2012,NUTS,2010,DE40,2,1980.0
2013,NUTS,2010,DE40,2,2054.0
2014,NUTS,2010,DE40,2,2038.0
2015,NUTS,2010,DE40,2,2010.0
2016,NUTS,2010,DE40,2,2203.0
2017,NUTS,2010,DE40,2,2321.0
2018,NUTS,2010,DE40,2,2393.0
2019,NUTS,2010,DE40,2,2406.0
1987,NUTS,2010,DE5,1,501.0
1989,NUTS,2010,DE5,1,620.0
1991,NUTS,2010,DE5,1,1166.0
1995,NUTS,2010,DE5,1,892.0
1996,NUTS,2010,DE5,1,1042.0
1997,NUTS,2010,DE5,1,1180.0
1998,NUTS,2010,DE5,1,1405.0
1999,NUTS,2010,DE5,1,1402.0
2000,NUTS,2010,DE5,1,1278.0
2003,NUTS,2010,DE5,1,1738.0
2004,NUTS,2010,DE5,1,1559.0
2005,NUTS,2010,DE5,1,1556.0
2006,NUTS,2010,DE5,1,1522.0
2007,NUTS,2010,DE5,1,1601.0
2008,NUTS,2010,DE5,1,1694.0
2009,NUTS,2010,DE5,1,1686.0
2010,NUTS,2010,DE5,1,1748.0
2011,NUTS,2010,DE5,1,1801.0
2012,NUTS,2010,DE5,1,1732.0
2013,NUTS,2010,DE5,1,1803.0
2014,NUTS,2010,DE5,1,1852.0
2015,NUTS,2010,DE5,1,1823.0
2016,NUTS,2010,DE5,1,1920.0
2017,NUTS,2010,DE5,1,1918.0
2018,NUTS,2010,DE5,1,1901.0
2019,NUTS,2010,DE5,1,1887.0
1987,NUTS,2010,DE50,2,501.0
1989,NUTS,2010,DE50,2,620.0
1991,NUTS,2010,DE50,2,1166.0
1995,NUTS,2010,DE50,2,892.0
1996,NUTS,2010,DE50,2,1042.0
1997,NUTS,2010,DE50,2,1180.0
1998,NUTS,2010,DE50,2,1405.0
1999,NUTS,2010,DE50,2,1402.0
2000,NUTS,2010,DE50,2,1278.0
2003,NUTS,2010,DE50,2,1738.0
2004,NUTS,2010,DE50,2,1559.0
2005,NUTS,2010,DE50,2,1556.0
2006,NUTS,2010,DE50,2,1522.0
2007,NUTS,2010,DE50,2,1601.0
2008,NUTS,2010,DE50,2,1694.0
2009,NUTS,2010,DE50,2,1686.0
2010,NUTS,2010,DE50,2,1748.0
2011,NUTS,2010,DE50,2,1801.0
2012,NUTS,2010,DE50,2,1732.0
2013,NUTS,2010,DE50,2,1803.0
2014,NUTS,2010,DE50,2,1852.0
2015,NUTS,2010,DE50,2,1823.0
2016,NUTS,2010,DE50,2,1920.0
2017,NUTS,2010,DE50,2,1918.0
2018,NUTS,2010,DE50,2,1901.0
2019,NUTS,2010,DE50,2,1887.0
1987,NUTS,2010,DE6,1,3142.0
1989,NUTS,2010,DE6,1,3347.0
1991,NUTS,2010,DE6,1,3666.0
1995,NUTS,2010,DE6,1,3036.0
1996,NUTS,2010,DE6,1,3099.0
1997,NUTS,2010,DE6,1,2881.0
1998,NUTS,2010,DE6,1,2623.0
1999,NUTS,2010,DE6,1,2933.0
2000,NUTS,2010,DE6,1,2526.0
2003,NUTS,2010,DE6,1,2707.0
2004,NUTS,2010,DE6,1,2565.0
2005,NUTS,2010,DE6,1,2467.0
2006,NUTS,2010,DE6,1,2742.0
2007,NUTS,2010,DE6,1,2924.0
2008,NUTS,2010,DE6,1,3217.0
2009,NUTS,2010,DE6,1,3139.0
2010,NUTS,2010,DE6,1,3316.0
2011,NUTS,2010,DE6,1,3519.0
2012,NUTS,2010,DE6,1,3537.0
2013,NUTS,2010,DE6,1,3798.0
2014,NUTS,2010,DE6,1,3839.0
2015,NUTS,2010,DE6,1,4041.0
2016,NUTS,2010,DE6,1,4420.0
2017,NUTS,2010,DE6,1,4386.0
2018,NUTS,2010,DE6,1,4634.0
2019,NUTS,2010,DE6,1,4693.0
1987,NUTS,2010,DE60,2,3142.0
1989,NUTS,2010,DE60,2,3347.0
1991,NUTS,2010,DE60,2,3666.0
1995,NUTS,2010,DE60,2,3036.0
1996,NUTS,2010,DE60,2,3099.0
1997,NUTS,2010,DE60,2,2881.0
1998,NUTS,2010,DE60,2,2623.0
1999,NUTS,2010,DE60,2,2933.0
2000,NUTS,2010,DE60,2,2526.0
2003,NUTS,2010,DE60,2,2707.0
2004,NUTS,2010,DE60,2,2565.0
2005,NUTS,2010,DE60,2,2467.0
2006,NUTS,2010,DE60,2,2742.0
2007,NUTS,2010,DE60,2,2924.0
2008,NUTS,2010,DE60,2,3217.0
2009,NUTS,2010,DE60,2,3139.0
2010,NUTS,2010,DE60,2,3316.0
2011,NUTS,2010,DE60,2,3519.0
2012,NUTS,2010,DE60,2,3537.0
2013,NUTS,2010,DE60,2,3798.0
2014,NUTS,2010,DE60,2,3839.0
2015,NUTS,2010,DE60,2,4041.0
2016,NUTS,2010,DE60,2,4420.0
2017,NUTS,2010,DE60,2,4386.0
2018,NUTS,2010,DE60,2,4634.0
2019,NUTS,2010,DE60,2,4693.0
1987,NUTS,2010,DE7,1,6544.0
1989,NUTS,2010,DE7,1,6668.0
1991,NUTS,2010,DE7,1,7711.0
1995,NUTS,2010,DE7,1,6894.0
1996,NUTS,2010,DE7,1,6622.0
1997,NUTS,2010,DE7,1,6764.0
1998,NUTS,2010,DE7,1,6710.0
1999,NUTS,2010,DE7,1,6705.0
2000,NUTS,2010,DE7,1,6341.0
2003,NUTS,2010,DE7,1,6069.0
2004,NUTS,2010,DE7,1,5659.0
2005,NUTS,2010,DE7,1,5569.0
2006,NUTS,2010,DE7,1,6221.0
2007,NUTS,2010,DE7,1,6231.0
2008,NUTS,2010,DE7,1,6415.0
2009,NUTS,2010,DE7,1,6801.0
2010,NUTS,2010,DE7,1,7392.0
2011,NUTS,2010,DE7,1,7548.0
2012,NUTS,2010,DE7,1,7409.0
2013,NUTS,2010,DE7,1,7773.0
2014,NUTS,2010,DE7,1,7638.0
2015,NUTS,2010,DE7,1,7622.0
2016,NUTS,2010,DE7,1,8584.0
2017,NUTS,2010,DE7,1,8799.0
2018,NUTS,2010,DE7,1,9194.0
2019,NUTS,2010,DE7,1,9281.0
1995,NUTS,2010,DE71,2,3305.0
1996,NUTS,2010,DE71,2,3115.0
1997,NUTS,2010,DE71,2,3184.0
1998,NUTS,2010,DE71,2,3212.0
1999,NUTS,2010,DE71,2,3097.0
2000,NUTS,2010,DE71,2,2917.0
2003,NUTS,2010,DE71,2,2754.0
2004,NUTS,2010,DE71,2,2571.0
2005,NUTS,2010,DE71,2,2454.0
2006,NUTS,2010,DE71,2,2708.0
2007,NUTS,2010,DE71,2,3129.0
2008,NUTS,2010,DE71,2,3474.0
2009,NUTS,2010,DE71,2,3780.0
2010,NUTS,2010,DE71,2,4217.0
2011,NUTS,2010,DE71,2,4246.0
2012,NUTS,2010,DE71,2,4016.0
2013,NUTS,2010,DE71,2,4409.0
2014,NUTS,2010,DE71,2,4397.0
2015,NUTS,2010,DE71,2,4372.0
2016,NUTS,2010,DE71,2,4887.0
2017,NUTS,2010,DE71,2,5035.0
2018,NUTS,2010,DE71,2,5353.0
2019,NUTS,2010,DE71,2,5357.0
1995,NUTS,2010,DE72,2,2978.0
1996,NUTS,2010,DE72,2,2887.0
1997,NUTS,2010,DE72,2,2938.0
1998,NUTS,2010,DE72,2,2877.0
1999,NUTS,2010,DE72,2,3009.0
2000,NUTS,2010,DE72,2,2797.0
2003,NUTS,2010,DE72,2,2574.0
2004,NUTS,2010,DE72,2,2359.0
2005,NUTS,2010,DE72,2,2393.0
2006,NUTS,2010,DE72,2,2758.0
2007,NUTS,2010,DE72,2,2284.0
2008,NUTS,2010,DE72,2,2142.0
2009,NUTS,2010,DE72,2,2149.0
2010,NUTS,2010,DE72,2,2284.0
2011,NUTS,2010,DE72,2,2349.0
2012,NUTS,2010,DE72,2,2389.0
2013,NUTS,2010,DE72,2,2437.0
2014,NUTS,2010,DE72,2,2347.0
2015,NUTS,2010,DE72,2,2385.0
2016,NUTS,2010,DE72,2,2547.0
2017,NUTS,2010,DE72,2,2554.0
2018,NUTS,2010,DE72,2,2612.0
2019,NUTS,2010,DE72,2,2659.0
1995,NUTS,2010,DE73,2,611.0
1996,NUTS,2010,DE73,2,620.0
1997,NUTS,2010,DE73,2,642.0
1998,NUTS,2010,DE73,2,621.0
1999,NUTS,2010,DE73,2,599.0
2000,NUTS,2010,DE73,2,627.0
2003,NUTS,2010,DE73,2,741.0
2004,NUTS,2010,DE73,2,729.0
2005,NUTS,2010,DE73,2,722.0
2006,NUTS,2010,DE73,2,754.0
2007,NUTS,2010,DE73,2,818.0
2008,NUTS,2010,DE73,2,799.0
2009,NUTS,2010,DE73,2,872.0
2010,NUTS,2010,DE73,2,892.0
2011,NUTS,2010,DE73,2,954.0
2012,NUTS,2010,DE73,2,1004.0
2013,NUTS,2010,DE73,2,927.0
2014,NUTS,2010,DE73,2,894.0
2015,NUTS,2010,DE73,2,866.0
2016,NUTS,2010,DE73,2,1150.0
2017,NUTS,2010,DE73,2,1210.0
2018,NUTS,2010,DE73,2,1229.0
2019,NUTS,2010,DE73,2,1266.0
1995,NUTS,2010,DE8,1,1797.0
1996,NUTS,2010,DE8,1,1749.0
1997,NUTS,2010,DE8,1,1790.0
1998,NUTS,2010,DE8,1,1712.0
1999,NUTS,2010,DE8,1,1595.0
2000,NUTS,2010,DE8,1,1690.0
2003,NUTS,2010,DE8,1,1731.0
2004,NUTS,2010,DE8,1,1657.0
2005,NUTS,2010,DE8,1,1629.0
2006,NUTS,2010,DE8,1,1725.0
2007,NUTS,2010,DE8,1,1598.0
2008,NUTS,2010,DE8,1,1459.0
2009,NUTS,2010,DE8,1,1511.0
2010,NUTS,2010,DE8,1,1572.0
2011,NUTS,2010,DE8,1,1892.0
2012,NUTS,2010,DE8,1,2111.0
2013,NUTS,2010,DE8,1,2117.0
2014,NUTS,2010,DE8,1,2180.0
2015,NUTS,2010,DE8,1,2003.0
2016,NUTS,2010,DE8,1,2043.0
2017,NUTS,2010,DE8,1,2110.0
2018,NUTS,2010,DE8,1,2099.0
2019,NUTS,2010,DE8,1,2283.0
1995,NUTS,2010,DE80,2,1797.0
1996,NUTS,2010,DE80,2,1749.0
1997,NUTS,2010,DE80,2,1790.0
1998,NUTS,2010,DE80,2,1712.0
1999,NUTS,2010,DE80,2,1595.0
2000,NUTS,2010,DE80,2,1690.0
2003,NUTS,2010,DE80,2,1731.0
2004,NUTS,2010,DE80,2,1657.0
2005,NUTS,2010,DE80,2,1629.0
2006,NUTS,2010,DE80,2,1725.0
2007,NUTS,2010,DE80,2,1598.0
2008,NUTS,2010,DE80,2,1459.0
2009,NUTS,2010,DE80,2,1511.0
2010,NUTS,2010,DE80,2,1572.0
2011,NUTS,2010,DE80,2,1892.0
2012,NUTS,2010,DE80,2,2111.0
2013,NUTS,2010,DE80,2,2117.0
2014,NUTS,2010,DE80,2,2180.0
2015,NUTS,2010,DE80,2,2003.0
2016,NUTS,2010,DE80,2,2043.0
2017,NUTS,2010,DE80,2,2110.0
2018,NUTS,2010,DE80,2,2099.0
2019,NUTS,2010,DE80,2,2283.0
1987,NUTS,2010,DE9,1,7535.0
1989,NUTS,2010,DE9,1,8054.0
1991,NUTS,2010,DE9,1,9517.0
1995,NUTS,2010,DE9,1,7398.0
1996,NUTS,2010,DE9,1,7773.0
1997,NUTS,2010,DE9,1,7396.0
1998,NUTS,2010,DE9,1,7690.0
1999,NUTS,2010,DE9,1,7358.0
2000,NUTS,2010,DE9,1,7768.0
2003,NUTS,2010,DE9,1,8097.0
2004,NUTS,2010,DE9,1,7011.0
2005,NUTS,2010,DE9,1,6610.0
2006,NUTS,2010,DE9,1,7021.0
2007,NUTS,2010,DE9,1,8298.0
2008,NUTS,2010,DE9,1,8377.0
2009,NUTS,2010,DE9,1,8833.0
2010,NUTS,2010,DE9,1,9351.0
2011,NUTS,2010,DE9,1,9750.0
2012,NUTS,2010,DE9,1,10050.0
2013,NUTS,2010,DE9,1,10454.0
2014,NUTS,2010,DE9,1,10371.0
2015,NUTS,2010,DE9,1,10340.0
2016,NUTS,2010,DE9,1,11226.0
2017,NUTS,2010,DE9,1,11520.0
2018,NUTS,2010,DE9,1,11828.0
2019,NUTS,2010,DE9,1,11890.0
1995,NUTS,2010,DE91,2,3836.0
1996,NUTS,2010,DE91,2,3755.0
1997,NUTS,2010,DE91,2,3737.0
1998,NUTS,2010,DE91,2,3786.0
1999,NUTS,2010,DE91,2,3549.0
2000,NUTS,2010,DE91,2,3554.0
2003,NUTS,2010,DE91,2,3789.0
2004,NUTS,2010,DE91,2,3478.0
2005,NUTS,2010,DE91,2,3113.0
2006,NUTS,2010,DE91,2,3667.0
2007,NUTS,2010,DE91,2,3605.0
2008,NUTS,2010,DE91,2,3745.0
2009,NUTS,2010,DE91,2,3890.0
2010,NUTS,2010,DE91,2,4090.0
2011,NUTS,2010,DE91,2,4263.0
2012,NUTS,2010,DE91,2,4312.0
2013,NUTS,2010,DE91,2,4452.0
2014,NUTS,2010,DE91,2,4400.0
2015,NUTS,2010,DE91,2,4371.0
2016,NUTS,2010,DE91,2,4910.0
2017,NUTS,2010,DE91,2,5075.0
2018,NUTS,2010,DE91,2,5255.0
2019,NUTS,2010,DE91,2,5235.0
1995,NUTS,2010,DE92,2,2688.0
1996,NUTS,2010,DE92,2,2940.0
1997,NUTS,2010,DE92,2,2585.0
1998,NUTS,2010,DE92,2,2742.0
1999,NUTS,2010,DE92,2,2762.0
2000,NUTS,2010,DE92,2,3082.0
2003,NUTS,2010,DE92,2,3137.0
2004,NUTS,2010,DE92,2,2358.0
2005,NUTS,2010,DE92,2,2281.0
2006,NUTS,2010,DE92,2,2124.0
2007,NUTS,2010,DE92,2,3235.0
2008,NUTS,2010,DE92,2,3262.0
2009,NUTS,2010,DE92,2,3530.0
2010,NUTS,2010,DE92,2,3696.0
2011,NUTS,2010,DE92,2,3770.0
2012,NUTS,2010,DE92,2,3799.0
2013,NUTS,2010,DE92,2,3997.0
2014,NUTS,2010,DE92,2,3906.0
2015,NUTS,2010,DE92,2,3963.0
2016,NUTS,2010,DE92,2,4105.0
2017,NUTS,2010,DE92,2,4184.0
2018,NUTS,2010,DE92,2,4220.0
2019,NUTS,2010,DE92,2,4280.0
1995,NUTS,2010,DE93,2,98.0
1996,NUTS,2010,DE93,2,111.0
1997,NUTS,2010,DE93,2,123.0
1998,NUTS,2010,DE93,2,155.0
1999,NUTS,2010,DE93,2,134.0
2000,NUTS,2010,DE93,2,139.0
2003,NUTS,2010,DE93,2,162.0
2004,NUTS,2010,DE93,2,159.0
2005,NUTS,2010,DE93,2,234.0
2006,NUTS,2010,DE93,2,219.0
2007,NUTS,2010,DE93,2,248.0
2008,NUTS,2010,DE93,2,223.0
2009,NUTS,2010,DE93,2,206.0
2010,NUTS,2010,DE93,2,283.0
2011,NUTS,2010,DE93,2,361.0
2012,NUTS,2010,DE93,2,495.0
2013,NUTS,2010,DE93,2,498.0
2014,NUTS,2010,DE93,2,465.0
2015,NUTS,2010,DE93,2,306.0
2016,NUTS,2010,DE93,2,362.0
2017,NUTS,2010,DE93,2,360.0
2018,NUTS,2010,DE93,2,359.0
2019,NUTS,2010,DE93,2,338.0
1995,NUTS,2010,DE94,2,776.0
1996,NUTS,2010,DE94,2,967.0
1997,NUTS,2010,DE94,2,951.0
1998,NUTS,2010,DE94,2,1007.0
1999,NUTS,2010,DE94,2,913.0
2000,NUTS,2010,DE94,2,994.0
2003,NUTS,2010,DE94,2,1009.0
2004,NUTS,2010,DE94,2,1016.0
2005,NUTS,2010,DE94,2,983.0
2006,NUTS,2010,DE94,2,1012.0
2007,NUTS,2010,DE94,2,1210.0
2008,NUTS,2010,DE94,2,1148.0
2009,NUTS,2010,DE94,2,1208.0
2010,NUTS,2010,DE94,2,1282.0
2011,NUTS,2010,DE94,2,1356.0
2012,NUTS,2010,DE94,2,1445.0
2013,NUTS,2010,DE94,2,1507.0
2014,NUTS,2010,DE94,2,1599.0
2015,NUTS,2010,DE94,2,1699.0
2016,NUTS,2010,DE94,2,1850.0
2017,NUTS,2010,DE94,2,1901.0
2018,NUTS,2010,DE94,2,1994.0
2019,NUTS,2010,DE94,2,2036.0
1987,NUTS,2010,DEA,1,16247.0
1989,NUTS,2010,DEA,1,16775.0
1991,NUTS,2010,DEA,1,20127.0
1995,NUTS,2010,DEA,1,17971.0
1996,NUTS,2010,DEA,1,18185.0
1997,NUTS,2010,DEA,1,18582.0
1998,NUTS,2010,DEA,1,18698.0
1999,NUTS,2010,DEA,1,18905.0
2000,NUTS,2010,DEA,1,19158.0
2003,NUTS,2010,DEA,1,20102.0
2004,NUTS,2010,DEA,1,19035.0
2005,NUTS,2010,DEA,1,18875.0
2006,NUTS,2010,DEA,1,19262.0
2007,NUTS,2010,DEA,1,19804.0
2008,NUTS,2010,DEA,1,19828.0
2009,NUTS,2010,DEA,1,20962.0
2010,NUTS,2010,DEA,1,22117.0
2011,NUTS,2010,DEA,1,23386.0
2012,NUTS,2010,DEA,1,23391.0
2013,NUTS,2010,DEA,1,23211.0
2014,NUTS,2010,DEA,1,25674.0
2015,NUTS,2010,DEA,1,25541.0
2016,NUTS,2010,DEA,1,27474.0
2017,NUTS,2010,DEA,1,28707.0
2018,NUTS,2010,DEA,1,29437.0
2019,NUTS,2010,DEA,1,29617.0
1995,NUTS,2010,DEA1,2,3707.0
1996,NUTS,2010,DEA1,2,3565.0
1997,NUTS,2010,DEA1,2,3866.0
1998,NUTS,2010,DEA1,2,3757.0
1999,NUTS,2010,DEA1,2,3697.0
2000,NUTS,2010,DEA1,2,3588.0
2003,NUTS,2010,DEA1,2,3892.0
2004,NUTS,2010,DEA1,2,3633.0
2005,NUTS,2010,DEA1,2,3794.0
2006,NUTS,2010,DEA1,2,3545.0
2007,NUTS,2010,DEA1,2,3134.0
2008,NUTS,2010,DEA1,2,3675.0
2009,NUTS,2010,DEA1,2,3303.0
2010,NUTS,2010,DEA1,2,3988.0
2011,NUTS,2010,DEA1,2,3861.0
2012,NUTS,2010,DEA1,2,4330.0
2013,NUTS,2010,DEA1,2,4561.0
2014,NUTS,2010,DEA1,2,4759.0
2015,NUTS,2010,DEA1,2,4762.0
2016,NUTS,2010,DEA1,2,5167.0
2017,NUTS,2010,DEA1,2,5360.0
2018,NUTS,2010,DEA1,2,5826.0
2019,NUTS,2010,DEA1,2,5330.0
1995,NUTS,2010,DEA2,2,6907.0
1996,NUTS,2010,DEA2,2,7050.0
1997,NUTS,2010,DEA2,2,7392.0
1998,NUTS,2010,DEA2,2,7547.0
1999,NUTS,2010,DEA2,2,8003.0
2000,NUTS,2010,DEA2,2,8173.0
2003,NUTS,2010,DEA2,2,8084.0
2004,NUTS,2010,DEA2,2,8290.0
2005,NUTS,2010,DEA2,2,7969.0
2006,NUTS,2010,DEA2,2,8330.0
2007,NUTS,2010,DEA2,2,8778.0
2008,NUTS,2010,DEA2,2,8298.0
2009,NUTS,2010,DEA2,2,9106.0
2010,NUTS,2010,DEA2,2,9113.0
2011,NUTS,2010,DEA2,2,10042.0
2012,NUTS,2010,DEA2,2,9585.0
2013,NUTS,2010,DEA2,2,9105.0
2014,NUTS,2010,DEA2,2,11193.0
2015,NUTS,2010,DEA2,2,11167.0
2016,NUTS,2010,DEA2,2,11493.0
2017,NUTS,2010,DEA2,2,12010.0
2018,NUTS,2010,DEA2,2,11923.0
2019,NUTS,2010,DEA2,2,12376.0
1995,NUTS,2010,DEA3,2,1973.0
1996,NUTS,2010,DEA3,2,2241.0
1997,NUTS,2010,DEA3,2,2077.0
1998,NUTS,2010,DEA3,2,2247.0
1999,NUTS,2010,DEA3,2,2219.0
2000,NUTS,2010,DEA3,2,2486.0
2003,NUTS,2010,DEA3,2,2797.0
2004,NUTS,2010,DEA3,2,2108.0
2005,NUTS,2010,DEA3,2,2003.0
2006,NUTS,2010,DEA3,2,2218.0
2007,NUTS,2010,DEA3,2,2602.0
2008,NUTS,2010,DEA3,2,2427.0
2009,NUTS,2010,DEA3,2,2540.0
2010,NUTS,2010,DEA3,2,2713.0
2011,NUTS,2010,DEA3,2,2959.0
2012,NUTS,2010,DEA3,2,2975.0
2013,NUTS,2010,DEA3,2,3021.0
2014,NUTS,2010,DEA3,2,3029.0
2015,NUTS,2010,DEA3,2,2967.0
2016,NUTS,2010,DEA3,2,3157.0
2017,NUTS,2010,DEA3,2,3323.0
2018,NUTS,2010,DEA3,2,3429.0
2019,NUTS,2010,DEA3,2,3505.0
1995,NUTS,2010,DEA4,2,1496.0
1996,NUTS,2010,DEA4,2,1469.0
1997,NUTS,2010,DEA4,2,1451.0
1998,NUTS,2010,DEA4,2,1446.0
1999,NUTS,2010,DEA4,2,1370.0
2000,NUTS,2010,DEA4,2,1340.0
2003,NUTS,2010,DEA4,2,1556.0
2004,NUTS,2010,DEA4,2,1385.0
2005,NUTS,2010,DEA4,2,1415.0
2006,NUTS,2010,DEA4,2,1465.0
2007,NUTS,2010,DEA4,2,1420.0
2008,NUTS,2010,DEA4,2,1530.0
2009,NUTS,2010,DEA4,2,1652.0
2010,NUTS,2010,DEA4,2,1853.0
2011,NUTS,2010,DEA4,2,1872.0
2012,NUTS,2010,DEA4,2,1922.0
2013,NUTS,2010,DEA4,2,1929.0
2014,NUTS,2010,DEA4,2,2044.0
2015,NUTS,2010,DEA4,2,2024.0
2016,NUTS,2010,DEA4,2,2390.0
2017,NUTS,2010,DEA4,2,2543.0
2018,NUTS,2010,DEA4,2,2675.0
2019,NUTS,2010,DEA4,2,2651.0
1995,NUTS,2010,DEA5,2,3887.0
1996,NUTS,2010,DEA5,2,3860.0
1997,NUTS,2010,DEA5,2,3796.0
1998,NUTS,2010,DEA5,2,3701.0
1999,NUTS,2010,DEA5,2,3616.0
2000,NUTS,2010,DEA5,2,3571.0
2003,NUTS,2010,DEA5,2,3773.0
2004,NUTS,2010,DEA5,2,3618.0
2005,NUTS,2010,DEA5,2,3693.0
2006,NUTS,2010,DEA5,2,3704.0
2007,NUTS,2010,DEA5,2,3870.0
2008,NUTS,2010,DEA5,2,3898.0
2009,NUTS,2010,DEA5,2,4361.0
2010,NUTS,2010,DEA5,2,4450.0
2011,NUTS,2010,DEA5,2,4652.0
2012,NUTS,2010,DEA5,2,4578.0
2013,NUTS,2010,DEA5,2,4595.0
2014,NUTS,2010,DEA5,2,4650.0
2015,NUTS,2010,DEA5,2,4620.0
2016,NUTS,2010,DEA5,2,5267.0
2017,NUTS,2010,DEA5,2,5472.0
2018,NUTS,2010,DEA5,2,5584.0
2019,NUTS,2010,DEA5,2,5754.0
1987,NUTS,2010,DEB,1,2607.0
1989,NUTS,2010,DEB,1,2825.0
1991,NUTS,2010,DEB,1,3500.0
1995,NUTS,2010,DEB,1,3075.0
1996,NUTS,2010,DEB,1,3193.0
1997,NUTS,2010,DEB,1,3136.0
1998,NUTS,2010,DEB,1,3205.0
1999,NUTS,2010,DEB,1,3118.0
2000,NUTS,2010,DEB,1,3188.0
2003,NUTS,2010,DEB,1,3049.0
2004,NUTS,2010,DEB,1,3012.0
2005,NUTS,2010,DEB,1,2990.0
2006,NUTS,2010,DEB,1,3105.0
2007,NUTS,2010,DEB,1,2893.0
2008,NUTS,2010,DEB,1,3108.0
2009,NUTS,2010,DEB,1,3187.0
2010,NUTS,2010,DEB,1,3507.0
2011,NUTS,2010,DEB,1,3773.0
2012,NUTS,2010,DEB,1,4036.0
2013,NUTS,2010,DEB,1,4151.0
2014,NUTS,2010,DEB,1,4085.0
2015,NUTS,2010,DEB,1,4189.0
2016,NUTS,2010,DEB,1,4662.0
2017,NUTS,2010,DEB,1,4697.0
2018,NUTS,2010,DEB,1,4867.0
2019,NUTS,2010,DEB,1,4867.0
1995,NUTS,2010,DEB1,2,101.0
1996,NUTS,2010,DEB1,2,111.0
1997,NUTS,2010,DEB1,2,110.0
1998,NUTS,2010,DEB1,2,115.0
1999,NUTS,2010,DEB1,2,123.0
2000,NUTS,2010,DEB1,2,148.0
2003,NUTS,2010,DEB1,2,171.0
2004,NUTS,2010,DEB1,2,173.0
2005,NUTS,2010,DEB1,2,206.0
2006,NUTS,2010,DEB1,2,211.0
2007,NUTS,2010,DEB1,2,257.0
2008,NUTS,2010,DEB1,2,293.0
2009,NUTS,2010,DEB1,2,326.0
2010,NUTS,2010,DEB1,2,340.0
2011,NUTS,2010,DEB1,2,392.0
2012,NUTS,2010,DEB1,2,415.0
2013,NUTS,2010,DEB1,2,440.0
2014,NUTS,2010,DEB1,2,418.0
2015,NUTS,2010,DEB1,2,427.0
2016,NUTS,2010,DEB1,2,478.0
2017,NUTS,2010,DEB1,2,518.0
2018,NUTS,2010,DEB1,2,561.0
2019,NUTS,2010,DEB1,2,604.0
1995,NUTS,2010,DEB2,2,335.0
1996,NUTS,2010,DEB2,2,345.0
1997,NUTS,2010,DEB2,2,358.0
1998,NUTS,2010,DEB2,2,366.0
1999,NUTS,2010,DEB2,2,348.0
2000,NUTS,2010,DEB2,2,367.0
2003,NUTS,2010,DEB2,2,371.0
2004,NUTS,2010,DEB2,2,365.0
2005,NUTS,2010,DEB2,2,370.0
2006,NUTS,2010,DEB2,2,337.0
2007,NUTS,2010,DEB2,2,324.0
2008,NUTS,2010,DEB2,2,338.0
2009,NUTS,2010,DEB2,2,363.0
2010,NUTS,2010,DEB2,2,392.0
2011,NUTS,2010,DEB2,2,412.0
2012,NUTS,2010,DEB2,2,433.0
2013,NUTS,2010,DEB2,2,417.0
2014,NUTS,2010,DEB2,2,385.0
2015,NUTS,2010,DEB2,2,408.0
2016,NUTS,2010,DEB2,2,457.0
2017,NUTS,2010,DEB2,2,468.0
2018,NUTS,2010,DEB2,2,439.0
2019,NUTS,2010,DEB2,2,442.0
1995,NUTS,2010,DEB3,2,2639.0
1996,NUTS,2010,DEB3,2,2737.0
1997,NUTS,2010,DEB3,2,2668.0
1998,NUTS,2010,DEB3,2,2724.0
1999,NUTS,2010,DEB3,2,2647.0
2000,NUTS,2010,DEB3,2,2673.0
2003,NUTS,2010,DEB3,2,2507.0
2004,NUTS,2010,DEB3,2,2474.0
2005,NUTS,2010,DEB3,2,2414.0
2006,NUTS,2010,DEB3,2,2557.0
2007,NUTS,2010,DEB3,2,2312.0
2008,NUTS,2010,DEB3,2,2476.0
2009,NUTS,2010,DEB3,2,2498.0
2010,NUTS,2010,DEB3,2,2775.0
2011,NUTS,2010,DEB3,2,2969.0
2012,NUTS,2010,DEB3,2,3189.0
2013,NUTS,2010,DEB3,2,3294.0
2014,NUTS,2010,DEB3,2,3282.0
2015,NUTS,2010,DEB3,2,3354.0
2016,NUTS,2010,DEB3,2,3727.0
2017,NUTS,2010,DEB3,2,3711.0
2018,NUTS,2010,DEB3,2,3867.0
2019,NUTS,2010,DEB3,2,3821.0
1987,NUTS,2010,DEC,1,1497.0
1989,NUTS,2010,DEC,1,1579.0
1991,NUTS,2010,DEC,1,1535.0
1995,NUTS,2010,DEC,1,1259.0
1996,NUTS,2010,DEC,1,1259.0
1997,NUTS,2010,DEC,1,1241.0
1998,NUTS,2010,DEC,1,1235.0
1999,NUTS,2010,DEC,1,1132.0
2000,NUTS,2010,DEC,1,1091.0
2003,NUTS,2010,DEC,1,1186.0
2004,NUTS,2010,DEC,1,1153.0
2005,NUTS,2010,DEC,1,1186.0
2006,NUTS,2010,DEC,1,1143.0
2007,NUTS,2010,DEC,1,1111.0
2008,NUTS,2010,DEC,1,974.0
2009,NUTS,2010,DEC,1,1028.0
2010,NUTS,2010,DEC,1,1320.0
2011,NUTS,2010,DEC,1,1129.0
2012,NUTS,2010,DEC,1,1364.0
2013,NUTS,2010,DEC,1,1378.0
2014,NUTS,2010,DEC,1,1386.0
2015,NUTS,2010,DEC,1,1435.0
2016,NUTS,2010,DEC,1,1586.0
2017,NUTS,2010,DEC,1,1423.0
2018,NUTS,2010,DEC,1,1396.0
2019,NUTS,2010,DEC,1,1420.0
1987,NUTS,2010,DEC0,2,1497.0
1989,NUTS,2010,DEC0,2,1579.0
1991,NUTS,2010,DEC0,2,1535.0
1995,NUTS,2010,DEC0,2,1259.0
1996,NUTS,2010,DEC0,2,1259.0
1997,NUTS,2010,DEC0,2,1241.0
1998,NUTS,2010,DEC0,2,1235.0
1999,NUTS,2010,DEC0,2,1132.0
2000,NUTS,2010,DEC0,2,1091.0
2003,NUTS,2010,DEC0,2,1186.0
2004,NUTS,2010,DEC0,2,1153.0
2005,NUTS,2010,DEC0,2,1186.0
2006,NUTS,2010,DEC0,2,1143.0
2007,NUTS,2010,DEC0,2,1111.0
2008,NUTS,2010,DEC0,2,974.0
2009,NUTS,2010,DEC0,2,1028.0
2010,NUTS,2010,DEC0,2,1320.0
2011,NUTS,2010,DEC0,2,1129.0
2012,NUTS,2010,DEC0,2,1364.0
2013,NUTS,2010,DEC0,2,1378.0
2014,NUTS,2010,DEC0,2,1386.0
2015,NUTS,2010,DEC0,2,1435.0
2016,NUTS,2010,DEC0,2,1586.0
2017,NUTS,2010,DEC0,2,1423.0
2018,NUTS,2010,DEC0,2,1396.0
2019,NUTS,2010,DEC0,2,1420.0
1995,NUTS,2010,DED,1,5938.0
1996,NUTS,2010,DED,1,6281.0
1997,NUTS,2010,DED,1,6011.0
1998,NUTS,2010,DED,1,5939.0
1999,NUTS,2010,DED,1,5795.0
2000,NUTS,2010,DED,1,5751.0
2003,NUTS,2010,DED,1,5816.0
2004,NUTS,2010,DED,1,5441.0
2005,NUTS,2010,DED,1,5668.0
2006,NUTS,2010,DED,1,5479.0
2007,NUTS,2010,DED,1,6409.0
2008,NUTS,2010,DED,1,6687.0
2009,NUTS,2010,DED,1,7430.0
2010,NUTS,2010,DED,1,7573.0
2011,NUTS,2010,DED,1,7605.0
2012,NUTS,2010,DED,1,7948.0
2013,NUTS,2010,DED,1,8686.0
2014,NUTS,2010,DED,1,8598.0
2015,NUTS,2010,DED,1,8249.0
2016,NUTS,2010,DED,1,8619.0
2017,NUTS,2010,DED,1,9032.0
2018,NUTS,2010,DED,1,9234.0
2019,NUTS,2010,DED,1,9166.0
1998,NUTS,2010,DED2,2,2772.0
1999,NUTS,2010,DED2,2,2804.0
2000,NUTS,2010,DED2,2,2796.0
2003,NUTS,2010,DED2,2,3216.0
2004,NUTS,2010,DED2,2,2777.0
2005,NUTS,2010,DED2,2,2786.0
2006,NUTS,2010,DED2,2,2753.0
2007,NUTS,2010,DED2,2,3178.0
2008,NUTS,2010,DED2,2,1457.0
2009,NUTS,2010,DED2,2,3800.0
2010,NUTS,2010,DED2,2,3666.0
2011,NUTS,2010,DED2,2,3720.0
2012,NUTS,2010,DED2,2,3851.0
2013,NUTS,2010,DED2,2,4043.0
2014,NUTS,2010,DED2,2,2465.0
2015,NUTS,2010,DED2,2,3807.0
2016,NUTS,2010,DED2,2,3924.0
2017,NUTS,2010,DED2,2,4227.0
2018,NUTS,2010,DED2,2,4389.0
2019,NUTS,2010,DED2,2,4216.0
2008,NUTS,2010,DED4,2,3492.0
2009,NUTS,2010,DED4,2,1765.0
2010,NUTS,2010,DED4,2,2014.0
2011,NUTS,2010,DED4,2,2199.0
2012,NUTS,2010,DED4,2,2297.0
2013,NUTS,2010,DED4,2,2433.0
2014,NUTS,2010,DED4,2,3935.0
2015,NUTS,2010,DED4,2,2295.0
2016,NUTS,2010,DED4,2,2333.0
2017,NUTS,2010,DED4,2,2390.0
2018,NUTS,2010,DED4,2,2387.0
2019,NUTS,2010,DED4,2,2336.0
2008,NUTS,2010,DED5,2,1737.0
2009,NUTS,2010,DED5,2,1864.0
2010,NUTS,2010,DED5,2,1893.0
2011,NUTS,2010,DED5,2,1686.0
2012,NUTS,2010,DED5,2,1800.0
2013,NUTS,2010,DED5,2,2210.0
2014,NUTS,2010,DED5,2,2197.0
2015,NUTS,2010,DED5,2,2147.0
2016,NUTS,2010,DED5,2,2362.0
2017,NUTS,2010,DED5,2,2415.0
2018,NUTS,2010,DED5,2,2459.0
2019,NUTS,2010,DED5,2,2614.0
1995,NUTS,2010,DEE,1,2641.0
1996,NUTS,2010,DEE,1,2502.0
1997,NUTS,2010,DEE,1,2472.0
1998,NUTS,2010,DEE,1,2496.0
1999,NUTS,2010,DEE,1,2431.0
2000,NUTS,2010,DEE,1,2323.0
2003,NUTS,2010,DEE,1,2328.0
2004,NUTS,2010,DEE,1,2344.0
2005,NUTS,2010,DEE,1,2156.0
2006,NUTS,2010,DEE,1,2031.0
2007,NUTS,2010,DEE,1,2126.0
2008,NUTS,2010,DEE,1,2228.0
2009,NUTS,2010,DEE,1,2328.0
2010,NUTS,2010,DEE,1,2457.0
2011,NUTS,2010,DEE,1,2485.0
2012,NUTS,2010,DEE,1,2502.0
2013,NUTS,2010,DEE,1,2576.0
2014,NUTS,2010,DEE,1,2442.0
2015,NUTS,2010,DEE,1,2346.0
2016,NUTS,2010,DEE,1,2396.0
2017,NUTS,2010,DEE,1,2364.0
2018,NUTS,2010,DEE,1,2521.0
2019,NUTS,2010,DEE,1,2661.0
1995,NUTS,2010,DEE0,2,2641.0
1996,NUTS,2010,DEE0,2,2502.0
1997,NUTS,2010,DEE0,2,2472.0
1998,NUTS,2010,DEE0,2,2496.0
1999,NUTS,2010,DEE0,2,2431.0
2000,NUTS,2010,DEE0,2,2323.0
2003,NUTS,2010,DEE0,2,2328.0
2004,NUTS,2010,DEE0,2,2344.0
2005,NUTS,2010,DEE0,2,2156.0
2006,NUTS,2010,DEE0,2,2031.0
2007,NUTS,2010,DEE0,2,2126.0
2008,NUTS,2010,DEE0,2,2228.0
2009,NUTS,2010,DEE0,2,2328.0
2010,NUTS,2010,DEE0,2,2457.0
2011,NUTS,2010,DEE0,2,2485.0
2012,NUTS,2010,DEE0,2,2502.0
2013,NUTS,2010,DEE0,2,2576.0
2014,NUTS,2010,DEE0,2,2442.0
2015,NUTS,2010,DEE0,2,2346.0
2016,NUTS,2010,DEE0,2,2396.0
2017,NUTS,2010,DEE0,2,2364.0
2018,NUTS,2010,DEE0,2,2521.0
2019,NUTS,2010,DEE0,2,2661.0
1987,NUTS,2010,DEF,1,2215.0
1989,NUTS,2010,DEF,1,2317.0
1991,NUTS,2010,DEF,1,2698.0
1995,NUTS,2010,DEF,1,2380.0
1996,NUTS,2010,DEF,1,2374.0
1997,NUTS,2010,DEF,1,2180.0
1998,NUTS,2010,DEF,1,2291.0
1999,NUTS,2010,DEF,1,2119.0
2000,NUTS,2010,DEF,1,1884.0
2003,NUTS,2010,DEF,1,2232.0
2004,NUTS,2010,DEF,1,1932.0
2005,NUTS,2010,DEF,1,2135.0
2006,NUTS,2010,DEF,1,2391.0
2007,NUTS,2010,DEF,1,2337.0
2008,NUTS,2010,DEF,1,2326.0
2009,NUTS,2010,DEF,1,2463.0
2010,NUTS,2010,DEF,1,2684.0
2011,NUTS,2010,DEF,1,2744.0
2012,NUTS,2010,DEF,1,2884.0
2013,NUTS,2010,DEF,1,2628.0
2014,NUTS,2010,DEF,1,2781.0
2015,NUTS,2010,DEF,1,2648.0
2016,NUTS,2010,DEF,1,2856.0
2017,NUTS,2010,DEF,1,2794.0
2018,NUTS,2010,DEF,1,2896.0
2019,NUTS,2010,DEF,1,3144.0
1987,NUTS,2010,DEF0,2,2215.0
1989,NUTS,2010,DEF0,2,2317.0
1991,NUTS,2010,DEF0,2,2698.0
1995,NUTS,2010,DEF0,2,2380.0
1996,NUTS,2010,DEF0,2,2374.0
1997,NUTS,2010,DEF0,2,2180.0
1998,NUTS,2010,DEF0,2,2291.0
1999,NUTS,2010,DEF0,2,2119.0
2000,NUTS,2010,DEF0,2,1884.0
2003,NUTS,2010,DEF0,2,2232.0
2004,NUTS,2010,DEF0,2,1932.0
2005,NUTS,2010,DEF0,2,2135.0
2006,NUTS,2010,DEF0,2,2391.0
2007,NUTS,2010,DEF0,2,2337.0
2008,NUTS,2010,DEF0,2,2326.0
2009,NUTS,2010,DEF0,2,2463.0
2010,NUTS,2010,DEF0,2,2684.0
2011,NUTS,2010,DEF0,2,2744.0
2012,NUTS,2010,DEF0,2,2884.0
2013,NUTS,2010,DEF0,2,2628.0
2014,NUTS,2010,DEF0,2,2781.0
2015,NUTS,2010,DEF0,2,2648.0
2016,NUTS,2010,DEF0,2,2856.0
2017,NUTS,2010,DEF0,2,2794.0
2018,NUTS,2010,DEF0,2,2896.0
2019,NUTS,2010,DEF0,2,3144.0
1995,NUTS,2010,DEG,1,2322.0
1996,NUTS,2010,DEG,1,2305.0
1997,NUTS,2010,DEG,1,2446.0
1998,NUTS,2010,DEG,1,2374.0
1999,NUTS,2010,DEG,1,2312.0
2000,NUTS,2010,DEG,1,2237.0
2003,NUTS,2010,DEG,1,2436.0
2004,NUTS,2010,DEG,1,2232.0
2005,NUTS,2010,DEG,1,2507.0
2006,NUTS,2010,DEG,1,2400.0
2007,NUTS,2010,DEG,1,2472.0
2008,NUTS,2010,DEG,1,2639.0
2009,NUTS,2010,DEG,1,2730.0
2010,NUTS,2010,DEG,1,3007.0
2011,NUTS,2010,DEG,1,3053.0
2012,NUTS,2010,DEG,1,3222.0
2013,NUTS,2010,DEG,1,3253.0
2014,NUTS,2010,DEG,1,3183.0
2015,NUTS,2010,DEG,1,3065.0
2016,NUTS,2010,DEG,1,3084.0
2017,NUTS,2010,DEG,1,3094.0
2018,NUTS,2010,DEG,1,3109.0
2019,NUTS,2010,DEG,1,3214.0
1995,NUTS,2010,DEG0,2,2322.0
1996,NUTS,2010,DEG0,2,2305.0
1997,NUTS,2010,DEG0,2,2446.0
1998,NUTS,2010,DEG0,2,2374.0
1999,NUTS,2010,DEG0,2,2312.0
2000,NUTS,2010,DEG0,2,2237.0
2003,NUTS,2010,DEG0,2,2436.0
2004,NUTS,2010,DEG0,2,2232.0
2005,NUTS,2010,DEG0,2,2507.0
2006,NUTS,2010,DEG0,2,2400.0
2007,NUTS,2010,DEG0,2,2472.0
2008,NUTS,2010,DEG0,2,2639.0
2009,NUTS,2010,DEG0,2,2730.0
2010,NUTS,2010,DEG0,2,3007.0
2011,NUTS,2010,DEG0,2,3053.0
2012,NUTS,2010,DEG0,2,3222.0
2013,NUTS,2010,DEG0,2,3253.0
2014,NUTS,2010,DEG0,2,3183.0
2015,NUTS,2010,DEG0,2,3065.0
2016,NUTS,2010,DEG0,2,3084.0
2017,NUTS,2010,DEG0,2,3094.0
2018,NUTS,2010,DEG0,2,3109.0
2019,NUTS,2010,DEG0,2,3214.0
1991,NUTS,2010,DEZ,1,26220.0
1995,NUTS,2010,DEZ,1,10240.0
1996,NUTS,2010,DEZ,1,10561.0
1997,NUTS,2010,DEZ,1,10352.0
1998,NUTS,2010,DEZ,1,9874.0
1999,NUTS,2010,DEZ,1,11137.0
2000,NUTS,2010,DEZ,1,11062.0
2003,NUTS,2010,DEZ,1,8053.0
2004,NUTS,2010,DEZ,1,8116.0
2005,NUTS,2010,DEZ,1,7844.0
2006,NUTS,2010,DEZ,1,7690.0
2007,NUTS,2010,DEZ,1,8798.0
2008,NUTS,2010,DEZ,1,8717.0
2009,NUTS,2010,DEZ,1,10144.0
2010,NUTS,2010,DEZ,1,10704.0
2011,NUTS,2010,DEZ,1,10784.0
2012,NUTS,2010,DEZ,1,10911.0
2013,NUTS,2010,DEZ,1,10589.0
2014,NUTS,2010,DEZ,1,10087.0
2015,NUTS,2010,DEZ,1,12118.0
2016,NUTS,2010,DEZ,1,11497.0
2017,NUTS,2010,DEZ,1,11074.0
2018,NUTS,2010,DEZ,1,11266.0
2019,NUTS,2010,DEZ,1,9703.0
1991,NUTS,2010,DEZZ,2,26220.0
1995,NUTS,2010,DEZZ,2,10240.0
1996,NUTS,2010,DEZZ,2,10561.0
1997,NUTS,2010,DEZZ,2,10352.0
1998,NUTS,2010,DEZZ,2,9874.0
1999,NUTS,2010,DEZZ,2,11137.0
2000,NUTS,2010,DEZZ,2,11062.0
2003,NUTS,2010,DEZZ,2,8053.0
2004,NUTS,2010,DEZZ,2,8116.0
2005,NUTS,2010,DEZZ,2,7844.0
2006,NUTS,2010,DEZZ,2,7690.0
2007,NUTS,2010,DEZZ,2,8798.0
2008,NUTS,2010,DEZZ,2,8717.0
2009,NUTS,2010,DEZZ,2,10144.0
2010,NUTS,2010,DEZZ,2,10704.0
2011,NUTS,2010,DEZZ,2,10784.0
2012,NUTS,2010,DEZZ,2,10911.0
2013,NUTS,2010,DEZZ,2,10589.0
2014,NUTS,2010,DEZZ,2,10087.0
2015,NUTS,2010,DEZZ,2,12118.0
2016,NUTS,2010,DEZZ,2,11497.0
2017,NUTS,2010,DEZZ,2,11074.0
2018,NUTS,2010,DEZZ,2,11266.0
2019,NUTS,2010,DEZZ,2,9703.0
1981,NUTS,2010,DK,0,4001.0
1982,NUTS,2010,DK,0,4116.0
1983,NUTS,2010,DK,0,4274.0
1984,NUTS,2010,DK,0,4434.0
1985,NUTS,2010,DK,0,4592.0
1986,NUTS,2010,DK,0,4818.0
1987,NUTS,2010,DK,0,5045.0
1988,NUTS,2010,DK,0,5355.0
1989,NUTS,2010,DK,0,5666.0
1990,NUTS,2010,DK,0,5731.0
1991,NUTS,2010,DK,0,5796.0
1992,NUTS,2010,DK,0,6006.0
1993,NUTS,2010,DK,0,6216.0
1995,NUTS,2010,DK,0,7213.0
1996,NUTS,2010,DK,0,7676.0
1997,NUTS,2010,DK,0,8138.0
1998,NUTS,2010,DK,0,7693.0
1999,NUTS,2010,DK,0,8017.0
2000,NUTS,2010,DK,0,7958.0
2001,NUTS,2010,DK,0,8272.0
2002,NUTS,2010,DK,0,10310.0
2003,NUTS,2010,DK,0,10697.0
2004,NUTS,2010,DK,0,11139.0
2005,NUTS,2010,DK,0,11561.0
2006,NUTS,2010,DK,0,12080.0
2007,NUTS,2010,DK,0,13742.0
2008,NUTS,2010,DK,0,15723.0
2009,NUTS,2010,DK,0,16819.0
2010,NUTS,2010,DK,0,18444.0
2011,NUTS,2010,DK,0,18916.0
2012,NUTS,2010,DK,0,19991.0
2013,NUTS,2010,DK,0,20925.0
2014,NUTS,2010,DK,0,20956.0
2015,NUTS,2010,DK,0,21258.0
2016,NUTS,2010,DK,0,21959.0
2017,NUTS,2010,DK,0,21751.0
2018,NUTS,2010,DK,0,21891.0
2019,NUTS,2010,DK,0,22185.0
2020,NUTS,2010,DK,0,22307.0
1981,NUTS,2010,DK0,1,4001.0
1982,NUTS,2010,DK0,1,4116.0
1983,NUTS,2010,DK0,1,4274.0
1984,NUTS,2010,DK0,1,4434.0
1985,NUTS,2010,DK0,1,4592.0
1986,NUTS,2010,DK0,1,4818.0
1987,NUTS,2010,DK0,1,5045.0
1988,NUTS,2010,DK0,1,5355.0
1989,NUTS,2010,DK0,1,5666.0
1990,NUTS,2010,DK0,1,5731.0
1991,NUTS,2010,DK0,1,5796.0
1992,NUTS,2010,DK0,1,6006.0
1993,NUTS,2010,DK0,1,6216.0
1995,NUTS,2010,DK0,1,7213.0
1996,NUTS,2010,DK0,1,7676.0
1997,NUTS,2010,DK0,1,8138.0
1998,NUTS,2010,DK0,1,7693.0
1999,NUTS,2010,DK0,1,8017.0
2000,NUTS,2010,DK0,1,7958.0
2001,NUTS,2010,DK0,1,8185.0
2002,NUTS,2010,DK0,1,10310.0
2003,NUTS,2010,DK0,1,10697.0
2004,NUTS,2010,DK0,1,11204.0
2007,NUTS,2010,DK0,1,13742.0
2009,NUTS,2010,DK0,1,17104.0
2010,NUTS,2010,DK0,1,18444.0
2011,NUTS,2010,DK0,1,19123.0
2012,NUTS,2010,DK0,1,19992.0
2013,NUTS,2010,DK0,1,20925.0
2014,NUTS,2010,DK0,1,20956.0
2015,NUTS,2010,DK0,1,21258.0
2016,NUTS,2010,DK0,1,21959.0
2017,NUTS,2010,DK0,1,21751.0
2018,NUTS,2010,DK0,1,21891.0
2019,NUTS,2010,DK0,1,22185.0
2007,NUTS,2010,DK01,2,7139.0
2009,NUTS,2010,DK01,2,9219.0
2010,NUTS,2010,DK01,2,10286.0
2011,NUTS,2010,DK01,2,10539.0
2012,NUTS,2010,DK01,2,10964.0
2013,NUTS,2010,DK01,2,11606.0
2014,NUTS,2010,DK01,2,12124.0
2015,NUTS,2010,DK01,2,12005.0
2016,NUTS,2010,DK01,2,12802.0
2017,NUTS,2010,DK01,2,12803.0
2019,NUTS,2010,DK01,2,12818.0
2007,NUTS,2010,DK02,2,1164.0
2009,NUTS,2010,DK02,2,1268.0
2010,NUTS,2010,DK02,2,1279.0
2011,NUTS,2010,DK02,2,1223.0
2012,NUTS,2010,DK02,2,998.0
2013,NUTS,2010,DK02,2,1011.0
2014,NUTS,2010,DK02,2,1092.0
2015,NUTS,2010,DK02,2,1099.0
2016,NUTS,2010,DK02,2,1266.0
2017,NUTS,2010,DK02,2,1225.0
2019,NUTS,2010,DK02,2,1186.0
2007,NUTS,2010,DK03,2,1034.0
2009,NUTS,2010,DK03,2,1618.0
2010,NUTS,2010,DK03,2,1663.0
2011,NUTS,2010,DK03,2,1737.0
2012,NUTS,2010,DK03,2,1804.0
2013,NUTS,2010,DK03,2,1883.0
2014,NUTS,2010,DK03,2,1965.0
2015,NUTS,2010,DK03,2,2119.0
2016,NUTS,2010,DK03,2,2047.0
2017,NUTS,2010,DK03,2,1736.0
2019,NUTS,2010,DK03,2,1812.0
2007,NUTS,2010,DK04,2,3058.0
2009,NUTS,2010,DK04,2,3782.0
2010,NUTS,2010,DK04,2,3939.0
2011,NUTS,2010,DK04,2,4162.0
2012,NUTS,2010,DK04,2,4740.0
2013,NUTS,2010,DK04,2,4620.0
2014,NUTS,2010,DK04,2,4033.0
2015,NUTS,2010,DK04,2,4346.0
2016,NUTS,2010,DK04,2,4168.0
2017,NUTS,2010,DK04,2,3910.0
2019,NUTS,2010,DK04,2,4112.0
2007,NUTS,2010,DK05,2,1342.0
2009,NUTS,2010,DK05,2,1216.0
2010,NUTS,2010,DK05,2,1276.0
2011,NUTS,2010,DK05,2,1462.0
2012,NUTS,2010,DK05,2,1507.0
2013,NUTS,2010,DK05,2,1806.0
2014,NUTS,2010,DK05,2,1742.0
2015,NUTS,2010,DK05,2,1689.0
2016,NUTS,2010,DK05,2,1675.0
2017,NUTS,2010,DK05,2,2076.0
2019,NUTS,2010,DK05,2,2256.0
2007,NUTS,2010,DKZ,1,4.0
2007,NUTS,2010,DKZZ,2,0.0
2000,NUTS,2010,EA19,2,413310.0
2001,NUTS,2010,EA19,2,426194.0
2002,NUTS,2010,EA19,2,434166.0
2003,NUTS,2010,EA19,2,441143.0
2004,NUTS,2010,EA19,2,450510.0
2005,NUTS,2010,EA19,2,463297.0
2006,NUTS,2010,EA19,2,479762.0
2007,NUTS,2010,EA19,2,499148.0
2008,NUTS,2010,EA19,2,526094.0
2009,NUTS,2010,EA19,2,543580.0
2010,NUTS,2010,EA19,2,555393.0
2011,NUTS,2010,EA19,2,553519.0
2012,NUTS,2010,EA19,2,563538.0
2013,NUTS,2010,EA19,2,572230.0
2014,NUTS,2010,EA19,2,575613.0
2015,NUTS,2010,EA19,2,587587.0
2016,NUTS,2010,EA19,2,596275.0
2017,NUTS,2010,EA19,2,607177.0
2018,NUTS,2010,EA19,2,616783.0
2019,NUTS,2010,EA19,2,629130.0
2020,NUTS,2010,EA19,2,641589.0
1995,NUTS,2010,EE,0,2217.0
1996,NUTS,2010,EE,0,2209.0
1997,NUTS,2010,EE,0,3043.0
1998,NUTS,2010,EE,0,3077.0
1999,NUTS,2010,EE,0,2907.0
2000,NUTS,2010,EE,0,2305.0
2001,NUTS,2010,EE,0,2319.0
2002,NUTS,2010,EE,0,2565.0
2003,NUTS,2010,EE,0,2454.0
2004,NUTS,2010,EE,0,2752.0
2005,NUTS,2010,EE,0,2176.0
2006,NUTS,2010,EE,0,2290.0
2007,NUTS,2010,EE,0,2406.0
2008,NUTS,2010,EE,0,2389.0
2009,NUTS,2010,EE,0,2688.0
2010,NUTS,2010,EE,0,2465.0
2011,NUTS,2010,EE,0,2735.0
2012,NUTS,2010,EE,0,3000.0
2013,NUTS,2010,EE,0,2850.0
2014,NUTS,2010,EE,0,3103.0
2015,NUTS,2010,EE,0,3062.0
2016,NUTS,2010,EE,0,2969.0
2017,NUTS,2010,EE,0,3015.0
2018,NUTS,2010,EE,0,3233.0
2019,NUTS,2010,EE,0,2957.0
2020,NUTS,2010,EE,0,2856.0
1983,NUTS,2010,EL,0,1185.0
1987,NUTS,2010,EL,0,1511.0
1989,NUTS,2010,EL,0,3066.0
1991,NUTS,2010,EL,0,4320.0
1993,NUTS,2010,EL,0,6767.0
1995,NUTS,2010,EL,0,9415.0
1997,NUTS,2010,EL,0,12294.0
1999,NUTS,2010,EL,0,17294.0
2001,NUTS,2010,EL,0,14241.0
2003,NUTS,2010,EL,0,14947.0
2005,NUTS,2010,EL,0,17401.0
2006,NUTS,2010,EL,0,18952.0
2007,NUTS,2010,EL,0,19172.0
2011,NUTS,2010,EL,0,20640.0
2012,NUTS,2010,EL,0,20508.0
2013,NUTS,2010,EL,0,23390.0
2014,NUTS,2010,EL,0,23924.0
2015,NUTS,2010,EL,0,27383.0
2016,NUTS,2010,EL,0,20404.0
2017,NUTS,2010,EL,0,21986.0
2018,NUTS,2010,EL,0,23431.0
2019,NUTS,2010,EL,0,25240.0
2020,NUTS,2010,EL,0,26669.0
1989,NUTS,2010,EL3,1,1447.0
1991,NUTS,2010,EL3,1,1846.0
1993,NUTS,2010,EL3,1,2823.0
1995,NUTS,2010,EL3,1,4264.0
1997,NUTS,2010,EL3,1,4331.0
1999,NUTS,2010,EL3,1,5851.0
2001,NUTS,2010,EL3,1,5392.0
2003,NUTS,2010,EL3,1,6015.0
2005,NUTS,2010,EL3,1,7340.0
2011,NUTS,2010,EL3,1,7478.0
2013,NUTS,2010,EL3,1,9364.0
2015,NUTS,2010,EL3,1,11696.0
2017,NUTS,2010,EL3,1,8061.0
2019,NUTS,2010,EL3,1,9461.0
1989,NUTS,2010,EL30,2,1447.0
1991,NUTS,2010,EL30,2,1846.0
1993,NUTS,2010,EL30,2,2823.0
1995,NUTS,2010,EL30,2,4264.0
1997,NUTS,2010,EL30,2,4331.0
1999,NUTS,2010,EL30,2,5851.0
2001,NUTS,2010,EL30,2,5392.0
2003,NUTS,2010,EL30,2,6015.0
2005,NUTS,2010,EL30,2,7340.0
2011,NUTS,2010,EL30,2,7478.0
2013,NUTS,2010,EL30,2,9364.0
2015,NUTS,2010,EL30,2,11696.0
2017,NUTS,2010,EL30,2,8061.0
2019,NUTS,2010,EL30,2,9461.0
1989,NUTS,2010,EL4,1,215.0
1991,NUTS,2010,EL4,1,284.0
1993,NUTS,2010,EL4,1,448.0
1995,NUTS,2010,EL4,1,640.0
1997,NUTS,2010,EL4,1,1216.0
1999,NUTS,2010,EL4,1,679.0
2001,NUTS,2010,EL4,1,880.0
2003,NUTS,2010,EL4,1,1445.0
2005,NUTS,2010,EL4,1,1495.0
2011,NUTS,2010,EL4,1,3200.0
2013,NUTS,2010,EL4,1,2911.0
2015,NUTS,2010,EL4,1,2678.0
2017,NUTS,2010,EL4,1,2126.0
2019,NUTS,2010,EL4,1,2410.0
1989,NUTS,2010,EL41,2,11.0
1991,NUTS,2010,EL41,2,30.0
1993,NUTS,2010,EL41,2,68.0
1995,NUTS,2010,EL41,2,79.0
1997,NUTS,2010,EL41,2,408.0
1999,NUTS,2010,EL41,2,123.0
2001,NUTS,2010,EL41,2,137.0
2003,NUTS,2010,EL41,2,239.0
2005,NUTS,2010,EL41,2,256.0
2011,NUTS,2010,EL41,2,664.0
2013,NUTS,2010,EL41,2,517.0
2015,NUTS,2010,EL41,2,453.0
2017,NUTS,2010,EL41,2,404.0
2019,NUTS,2010,EL41,2,395.0
1993,NUTS,2010,EL42,2,17.0
1995,NUTS,2010,EL42,2,52.0
1997,NUTS,2010,EL42,2,68.0
1999,NUTS,2010,EL42,2,33.0
2001,NUTS,2010,EL42,2,57.0
2003,NUTS,2010,EL42,2,105.0
2005,NUTS,2010,EL42,2,127.0
2011,NUTS,2010,EL42,2,307.0
2013,NUTS,2010,EL42,2,258.0
2015,NUTS,2010,EL42,2,224.0
2017,NUTS,2010,EL42,2,215.0
2019,NUTS,2010,EL42,2,149.0
1989,NUTS,2010,EL43,2,204.0
1991,NUTS,2010,EL43,2,254.0
1993,NUTS,2010,EL43,2,363.0
1995,NUTS,2010,EL43,2,509.0
1997,NUTS,2010,EL43,2,739.0
1999,NUTS,2010,EL43,2,523.0
2001,NUTS,2010,EL43,2,686.0
2003,NUTS,2010,EL43,2,1101.0
2005,NUTS,2010,EL43,2,1113.0
2011,NUTS,2010,EL43,2,2229.0
2013,NUTS,2010,EL43,2,2136.0
2015,NUTS,2010,EL43,2,2001.0
2017,NUTS,2010,EL43,2,1507.0
2019,NUTS,2010,EL43,2,1866.0
2011,NUTS,2010,EL5,1,6134.0
2013,NUTS,2010,EL5,1,7495.0
2015,NUTS,2010,EL5,1,8282.0
2017,NUTS,2010,EL5,1,6320.0
2019,NUTS,2010,EL5,1,7278.0
1989,NUTS,2010,EL51,2,80.0
1991,NUTS,2010,EL51,2,163.0
1993,NUTS,2010,EL51,2,317.0
1995,NUTS,2010,EL51,2,442.0
1997,NUTS,2010,EL51,2,546.0
1999,NUTS,2010,EL51,2,694.0
2001,NUTS,2010,EL51,2,643.0
2003,NUTS,2010,EL51,2,574.0
2005,NUTS,2010,EL51,2,863.0
2011,NUTS,2010,EL51,2,1239.0
2013,NUTS,2010,EL51,2,1538.0
2015,NUTS,2010,EL51,2,1378.0
2017,NUTS,2010,EL51,2,1080.0
2019,NUTS,2010,EL51,2,1251.0
1989,NUTS,2010,EL52,2,1063.0
1991,NUTS,2010,EL52,2,1236.0
1993,NUTS,2010,EL52,2,2115.0
1995,NUTS,2010,EL52,2,2521.0
1997,NUTS,2010,EL52,2,3248.0
1999,NUTS,2010,EL52,2,6346.0
2001,NUTS,2010,EL52,2,3511.0
2003,NUTS,2010,EL52,2,3031.0
2005,NUTS,2010,EL52,2,3743.0
2011,NUTS,2010,EL52,2,3811.0
2013,NUTS,2010,EL52,2,4718.0
2015,NUTS,2010,EL52,2,5107.0
2017,NUTS,2010,EL52,2,3881.0
2019,NUTS,2010,EL52,2,4379.0
1995,NUTS,2010,EL53,2,25.0
1997,NUTS,2010,EL53,2,352.0
1999,NUTS,2010,EL53,2,95.0
2001,NUTS,2010,EL53,2,13.0
2003,NUTS,2010,EL53,2,136.0
2005,NUTS,2010,EL53,2,109.0
2011,NUTS,2010,EL53,2,192.0
2013,NUTS,2010,EL53,2,247.0
2015,NUTS,2010,EL53,2,314.0
2017,NUTS,2010,EL53,2,344.0
2019,NUTS,2010,EL53,2,421.0
1989,NUTS,2010,EL54,2,232.0
1991,NUTS,2010,EL54,2,225.0
1993,NUTS,2010,EL54,2,313.0
1995,NUTS,2010,EL54,2,365.0
1997,NUTS,2010,EL54,2,742.0
1999,NUTS,2010,EL54,2,902.0
2001,NUTS,2010,EL54,2,1017.0
2003,NUTS,2010,EL54,2,686.0
2005,NUTS,2010,EL54,2,1011.0
2011,NUTS,2010,EL54,2,893.0
2013,NUTS,2010,EL54,2,992.0
2015,NUTS,2010,EL54,2,1483.0
2017,NUTS,2010,EL54,2,1015.0
2019,NUTS,2010,EL54,2,1226.0
2011,NUTS,2010,EL6,1,3828.0
2013,NUTS,2010,EL6,1,3620.0
2015,NUTS,2010,EL6,1,4727.0
2017,NUTS,2010,EL6,1,5478.0
2019,NUTS,2010,EL6,1,6092.0
1991,NUTS,2010,EL61,2,29.0
1993,NUTS,2010,EL61,2,39.0
1995,NUTS,2010,EL61,2,135.0
1997,NUTS,2010,EL61,2,201.0
1999,NUTS,2010,EL61,2,506.0
2001,NUTS,2010,EL61,2,495.0
2003,NUTS,2010,EL61,2,988.0
2005,NUTS,2010,EL61,2,718.0
2011,NUTS,2010,EL61,2,1815.0
2013,NUTS,2010,EL61,2,1298.0
2015,NUTS,2010,EL61,2,1437.0
2017,NUTS,2010,EL61,2,1467.0
2019,NUTS,2010,EL61,2,1964.0
1989,NUTS,2010,EL62,2,8.0
1991,NUTS,2010,EL62,2,42.0
1993,NUTS,2010,EL62,2,21.0
1995,NUTS,2010,EL62,2,52.0
1997,NUTS,2010,EL62,2,186.0
1999,NUTS,2010,EL62,2,123.0
2001,NUTS,2010,EL62,2,88.0
2003,NUTS,2010,EL62,2,103.0
2005,NUTS,2010,EL62,2,142.0
2011,NUTS,2010,EL62,2,80.0
2013,NUTS,2010,EL62,2,224.0
2015,NUTS,2010,EL62,2,644.0
2017,NUTS,2010,EL62,2,622.0
2019,NUTS,2010,EL62,2,556.0
1989,NUTS,2010,EL63,2,235.0
1991,NUTS,2010,EL63,2,345.0
1993,NUTS,2010,EL63,2,691.0
1995,NUTS,2010,EL63,2,917.0
1997,NUTS,2010,EL63,2,1346.0
1999,NUTS,2010,EL63,2,2096.0
2001,NUTS,2010,EL63,2,2196.0
2003,NUTS,2010,EL63,2,1950.0
2005,NUTS,2010,EL63,2,1412.0
2011,NUTS,2010,EL63,2,1587.0
2013,NUTS,2010,EL63,2,1441.0
2015,NUTS,2010,EL63,2,1841.0
2017,NUTS,2010,EL63,2,2892.0
2019,NUTS,2010,EL63,2,2921.0
1995,NUTS,2010,EL64,2,53.0
1997,NUTS,2010,EL64,2,42.0
1999,NUTS,2010,EL64,2,2.0
2001,NUTS,2010,EL64,2,6.0
2003,NUTS,2010,EL64,2,1.0
2005,NUTS,2010,EL64,2,48.0
2011,NUTS,2010,EL64,2,104.0
2013,NUTS,2010,EL64,2,265.0
2015,NUTS,2010,EL64,2,286.0
2017,NUTS,2010,EL64,2,179.0
2019,NUTS,2010,EL64,2,226.0
1995,NUTS,2010,EL65,2,3.0
1997,NUTS,2010,EL65,2,100.0
2001,NUTS,2010,EL65,2,0.0
2003,NUTS,2010,EL65,2,17.0
2005,NUTS,2010,EL65,2,520.0
2011,NUTS,2010,EL65,2,243.0
2013,NUTS,2010,EL65,2,392.0
2015,NUTS,2010,EL65,2,519.0
2017,NUTS,2010,EL65,2,318.0
2019,NUTS,2010,EL65,2,425.0
2015,NUTS,2010,ELZ,1,0.0
2015,NUTS,2010,ELZZ,2,0.0
1980,NUTS,2010,ES,0,11793.0
1981,NUTS,2010,ES,0,12410.0
1982,NUTS,2010,ES,0,12022.0
1983,NUTS,2010,ES,0,13053.0
1984,NUTS,2010,ES,0,13570.0
1985,NUTS,2010,ES,0,13764.0
1986,NUTS,2010,ES,0,14305.0
1987,NUTS,2010,ES,0,15100.0
1988,NUTS,2010,ES,0,21985.0
1989,NUTS,2010,ES,0,22500.0
1990,NUTS,2010,ES,0,23654.0
1991,NUTS,2010,ES,0,25360.0
1992,NUTS,2010,ES,0,27553.0
1993,NUTS,2010,ES,0,29839.0
1994,NUTS,2010,ES,0,34642.0
1995,NUTS,2010,ES,0,34330.0
1996,NUTS,2010,ES,0,38955.0
1997,NUTS,2010,ES,0,36843.0
1998,NUTS,2010,ES,0,41040.0
1999,NUTS,2010,ES,0,40626.0
2000,NUTS,2010,ES,0,49470.0
2001,NUTS,2010,ES,0,54623.0
2002,NUTS,2010,ES,0,54233.0
2003,NUTS,2010,ES,0,60307.0
2004,NUTS,2010,ES,0,63331.0
2005,NUTS,2010,ES,0,66996.0
2006,NUTS,2010,ES,0,70950.0
2007,NUTS,2010,ES,0,75148.0
2008,NUTS,2010,ES,0,78846.0
2009,NUTS,2010,ES,0,81203.0
2010,NUTS,2010,ES,0,83300.0
2011,NUTS,2010,ES,0,80900.0
2012,NUTS,2010,ES,0,77238.0
2013,NUTS,2010,ES,0,74923.0
2014,NUTS,2010,ES,0,73428.0
2015,NUTS,2010,ES,0,73327.0
2016,NUTS,2010,ES,0,75191.0
2017,NUTS,2010,ES,0,79286.0
2018,NUTS,2010,ES,0,80318.0
2019,NUTS,2010,ES,0,83048.0
2020,NUTS,2010,ES,0,84325.0
1988,NUTS,2010,ES1,1,1379.0
1989,NUTS,2010,ES1,1,1461.0
1990,NUTS,2010,ES1,1,1580.0
1991,NUTS,2010,ES1,1,1824.0
1992,NUTS,2010,ES1,1,2157.0
1993,NUTS,2010,ES1,1,2199.0
1994,NUTS,2010,ES1,1,2684.0
1995,NUTS,2010,ES1,1,3205.0
1996,NUTS,2010,ES1,1,2993.0
1997,NUTS,2010,ES1,1,4155.0
1998,NUTS,2010,ES1,1,4465.0
1999,NUTS,2010,ES1,1,3950.0
2000,NUTS,2010,ES1,1,5630.0
2001,NUTS,2010,ES1,1,6091.0
2002,NUTS,2010,ES1,1,5684.0
2003,NUTS,2010,ES1,1,5105.0
2004,NUTS,2010,ES1,1,6049.0
2005,NUTS,2010,ES1,1,6292.0
2006,NUTS,2010,ES1,1,5919.0
2007,NUTS,2010,ES1,1,6113.0
2008,NUTS,2010,ES1,1,6959.0
2009,NUTS,2010,ES1,1,7375.0
2010,NUTS,2010,ES1,1,7853.0
2011,NUTS,2010,ES1,1,7431.0
2013,NUTS,2010,ES1,1,6479.0
2015,NUTS,2010,ES1,1,6250.0
2016,NUTS,2010,ES1,1,6214.0
2017,NUTS,2010,ES1,1,6297.0
2018,NUTS,2010,ES1,1,6379.0
1988,NUTS,2010,ES11,2,548.0
1989,NUTS,2010,ES11,2,696.0
1990,NUTS,2010,ES11,2,797.0
1991,NUTS,2010,ES11,2,944.0
1992,NUTS,2010,ES11,2,1299.0
1993,NUTS,2010,ES11,2,1222.0
1994,NUTS,2010,ES11,2,1364.0
1995,NUTS,2010,ES11,2,1733.0
1996,NUTS,2010,ES11,2,1694.0
1997,NUTS,2010,ES11,2,2945.0
1998,NUTS,2010,ES11,2,3008.0
1999,NUTS,2010,ES11,2,2759.0
2000,NUTS,2010,ES11,2,3448.0
2001,NUTS,2010,ES11,2,3834.0
2002,NUTS,2010,ES11,2,3403.0
2003,NUTS,2010,ES11,2,3639.0
2004,NUTS,2010,ES11,2,4452.0
2005,NUTS,2010,ES11,2,4514.0
2006,NUTS,2010,ES11,2,3931.0
2007,NUTS,2010,ES11,2,4071.0
2008,NUTS,2010,ES11,2,4654.0
2009,NUTS,2010,ES11,2,4881.0
2010,NUTS,2010,ES11,2,5337.0
2011,NUTS,2010,ES11,2,5039.0
2012,NUTS,2010,ES11,2,4412.0
2014,NUTS,2010,ES11,2,4227.0
2015,NUTS,2010,ES11,2,4225.0
2016,NUTS,2010,ES11,2,4165.0
2017,NUTS,2010,ES11,2,4132.0
2018,NUTS,2010,ES11,2,4175.0
2019,NUTS,2010,ES11,2,4278.0
1988,NUTS,2010,ES12,2,493.0
1989,NUTS,2010,ES12,2,524.0
1990,NUTS,2010,ES12,2,533.0
1991,NUTS,2010,ES12,2,562.0
1992,NUTS,2010,ES12,2,529.0
1993,NUTS,2010,ES12,2,603.0
1994,NUTS,2010,ES12,2,857.0
1995,NUTS,2010,ES12,2,1007.0
1996,NUTS,2010,ES12,2,573.0
1997,NUTS,2010,ES12,2,819.0
1998,NUTS,2010,ES12,2,819.0
1999,NUTS,2010,ES12,2,836.0
2000,NUTS,2010,ES12,2,1752.0
2001,NUTS,2010,ES12,2,1756.0
2002,NUTS,2010,ES12,2,1956.0
2003,NUTS,2010,ES12,2,1171.0
2004,NUTS,2010,ES12,2,1167.0
2005,NUTS,2010,ES12,2,1372.0
2006,NUTS,2010,ES12,2,1331.0
2007,NUTS,2010,ES12,2,1275.0
2008,NUTS,2010,ES12,2,1493.0
2009,NUTS,2010,ES12,2,1574.0
2010,NUTS,2010,ES12,2,1603.0
2011,NUTS,2010,ES12,2,1486.0
2012,NUTS,2010,ES12,2,1331.0
2013,NUTS,2010,ES12,2,1313.0
2014,NUTS,2010,ES12,2,1177.0
2015,NUTS,2010,ES12,2,1249.0
2016,NUTS,2010,ES12,2,1282.0
2017,NUTS,2010,ES12,2,1444.0
2018,NUTS,2010,ES12,2,1447.0
2019,NUTS,2010,ES12,2,1660.0
1988,NUTS,2010,ES13,2,339.0
1989,NUTS,2010,ES13,2,241.0
1990,NUTS,2010,ES13,2,250.0
1991,NUTS,2010,ES13,2,319.0
1992,NUTS,2010,ES13,2,329.0
1993,NUTS,2010,ES13,2,374.0
1994,NUTS,2010,ES13,2,463.0
1995,NUTS,2010,ES13,2,465.0
1996,NUTS,2010,ES13,2,726.0
1997,NUTS,2010,ES13,2,391.0
1998,NUTS,2010,ES13,2,638.0
1999,NUTS,2010,ES13,2,355.0
2000,NUTS,2010,ES13,2,430.0
2001,NUTS,2010,ES13,2,500.0
2002,NUTS,2010,ES13,2,325.0
2003,NUTS,2010,ES13,2,295.0
2004,NUTS,2010,ES13,2,430.0
2005,NUTS,2010,ES13,2,406.0
2006,NUTS,2010,ES13,2,657.0
2007,NUTS,2010,ES13,2,766.0
2008,NUTS,2010,ES13,2,812.0
2009,NUTS,2010,ES13,2,920.0
2010,NUTS,2010,ES13,2,914.0
2011,NUTS,2010,ES13,2,906.0
2015,NUTS,2010,ES13,2,776.0
2016,NUTS,2010,ES13,2,768.0
2017,NUTS,2010,ES13,2,722.0
2018,NUTS,2010,ES13,2,756.0
1988,NUTS,2010,ES2,1,1702.0
1989,NUTS,2010,ES2,1,1864.0
1990,NUTS,2010,ES2,1,2463.0
1991,NUTS,2010,ES2,1,2651.0
1992,NUTS,2010,ES2,1,2852.0
1993,NUTS,2010,ES2,1,3004.0
1994,NUTS,2010,ES2,1,3383.0
1995,NUTS,2010,ES2,1,3322.0
1996,NUTS,2010,ES2,1,3957.0
1997,NUTS,2010,ES2,1,3700.0
1998,NUTS,2010,ES2,1,4722.0
1999,NUTS,2010,ES2,1,4051.0
2000,NUTS,2010,ES2,1,4673.0
2001,NUTS,2010,ES2,1,5099.0
2002,NUTS,2010,ES2,1,5885.0
2003,NUTS,2010,ES2,1,7219.0
2004,NUTS,2010,ES2,1,6880.0
2005,NUTS,2010,ES2,1,7580.0
2006,NUTS,2010,ES2,1,7791.0
2007,NUTS,2010,ES2,1,8334.0
2008,NUTS,2010,ES2,1,8522.0
2009,NUTS,2010,ES2,1,8928.0
2010,NUTS,2010,ES2,1,9122.0
2011,NUTS,2010,ES2,1,8901.0
2013,NUTS,2010,ES2,1,8188.0
2019,NUTS,2010,ES2,1,8900.0
1988,NUTS,2010,ES21,2,1107.0
1989,NUTS,2010,ES21,2,1225.0
1990,NUTS,2010,ES21,2,1229.0
1991,NUTS,2010,ES21,2,1234.0
1992,NUTS,2010,ES21,2,1259.0
1993,NUTS,2010,ES21,2,1326.0
1994,NUTS,2010,ES21,2,1333.0
1995,NUTS,2010,ES21,2,1366.0
1996,NUTS,2010,ES21,2,1504.0
1997,NUTS,2010,ES21,2,1694.0
1998,NUTS,2010,ES21,2,2345.0
1999,NUTS,2010,ES21,2,1713.0
2000,NUTS,2010,ES21,2,2144.0
2001,NUTS,2010,ES21,2,2257.0
2002,NUTS,2010,ES21,2,2310.0
2003,NUTS,2010,ES21,2,2676.0
2004,NUTS,2010,ES21,2,2369.0
2005,NUTS,2010,ES21,2,3019.0
2006,NUTS,2010,ES21,2,3000.0
2007,NUTS,2010,ES21,2,3170.0
2008,NUTS,2010,ES21,2,3165.0
2009,NUTS,2010,ES21,2,3438.0
2010,NUTS,2010,ES21,2,3572.0
2011,NUTS,2010,ES21,2,3703.0
2012,NUTS,2010,ES21,2,3975.0
2013,NUTS,2010,ES21,2,3899.0
2014,NUTS,2010,ES21,2,3976.0
2015,NUTS,2010,ES21,2,3994.0
2016,NUTS,2010,ES21,2,4026.0
2017,NUTS,2010,ES21,2,4155.0
2018,NUTS,2010,ES21,2,4337.0
2019,NUTS,2010,ES21,2,4442.0
1990,NUTS,2010,ES22,2,614.0
1991,NUTS,2010,ES22,2,776.0
1992,NUTS,2010,ES22,2,877.0
1993,NUTS,2010,ES22,2,919.0
1994,NUTS,2010,ES22,2,992.0
1995,NUTS,2010,ES22,2,716.0
1996,NUTS,2010,ES22,2,1441.0
1997,NUTS,2010,ES22,2,964.0
1998,NUTS,2010,ES22,2,1159.0
1999,NUTS,2010,ES22,2,1161.0
2000,NUTS,2010,ES22,2,1246.0
2001,NUTS,2010,ES22,2,1248.0
2002,NUTS,2010,ES22,2,1492.0
2003,NUTS,2010,ES22,2,2034.0
2004,NUTS,2010,ES22,2,1896.0
2005,NUTS,2010,ES22,2,2039.0
2006,NUTS,2010,ES22,2,2136.0
2007,NUTS,2010,ES22,2,1910.0
2008,NUTS,2010,ES22,2,2031.0
2009,NUTS,2010,ES22,2,1966.0
2010,NUTS,2010,ES22,2,1995.0
2011,NUTS,2010,ES22,2,1994.0
1993,NUTS,2010,ES23,2,54.0
1994,NUTS,2010,ES23,2,54.0
1995,NUTS,2010,ES23,2,136.0
1996,NUTS,2010,ES23,2,165.0
1997,NUTS,2010,ES23,2,143.0
1998,NUTS,2010,ES23,2,155.0
1999,NUTS,2010,ES23,2,222.0
2000,NUTS,2010,ES23,2,266.0
2001,NUTS,2010,ES23,2,322.0
2002,NUTS,2010,ES23,2,275.0
2003,NUTS,2010,ES23,2,253.0
2004,NUTS,2010,ES23,2,271.0
2005,NUTS,2010,ES23,2,280.0
2006,NUTS,2010,ES23,2,288.0
2007,NUTS,2010,ES23,2,390.0
2008,NUTS,2010,ES23,2,394.0
2009,NUTS,2010,ES23,2,395.0
2010,NUTS,2010,ES23,2,443.0
2011,NUTS,2010,ES23,2,434.0
2012,NUTS,2010,ES23,2,507.0
2014,NUTS,2010,ES23,2,535.0
2015,NUTS,2010,ES23,2,521.0
2016,NUTS,2010,ES23,2,603.0
2017,NUTS,2010,ES23,2,493.0
2018,NUTS,2010,ES23,2,478.0
1988,NUTS,2010,ES24,2,595.0
1989,NUTS,2010,ES24,2,638.0
1990,NUTS,2010,ES24,2,619.0
1991,NUTS,2010,ES24,2,641.0
1992,NUTS,2010,ES24,2,716.0
1993,NUTS,2010,ES24,2,705.0
1994,NUTS,2010,ES24,2,1004.0
1995,NUTS,2010,ES24,2,1104.0
1996,NUTS,2010,ES24,2,847.0
1997,NUTS,2010,ES24,2,899.0
1998,NUTS,2010,ES24,2,1063.0
1999,NUTS,2010,ES24,2,955.0
2000,NUTS,2010,ES24,2,1018.0
2001,NUTS,2010,ES24,2,1271.0
2002,NUTS,2010,ES24,2,1808.0
2003,NUTS,2010,ES24,2,2256.0
2004,NUTS,2010,ES24,2,2344.0
2005,NUTS,2010,ES24,2,2241.0
2006,NUTS,2010,ES24,2,2366.0
2007,NUTS,2010,ES24,2,2863.0
2008,NUTS,2010,ES24,2,2933.0
2009,NUTS,2010,ES24,2,3130.0
2010,NUTS,2010,ES24,2,3113.0
2011,NUTS,2010,ES24,2,2770.0
2012,NUTS,2010,ES24,2,2451.0
2013,NUTS,2010,ES24,2,2111.0
2014,NUTS,2010,ES24,2,1941.0
2015,NUTS,2010,ES24,2,2015.0
2016,NUTS,2010,ES24,2,2085.0
2017,NUTS,2010,ES24,2,2106.0
2018,NUTS,2010,ES24,2,2178.0
1988,NUTS,2010,ES3,1,4323.0
1989,NUTS,2010,ES3,1,4518.0
1990,NUTS,2010,ES3,1,4945.0
1991,NUTS,2010,ES3,1,4845.0
1992,NUTS,2010,ES3,1,5109.0
1993,NUTS,2010,ES3,1,5980.0
1994,NUTS,2010,ES3,1,6499.0
1995,NUTS,2010,ES3,1,7370.0
1996,NUTS,2010,ES3,1,7338.0
1997,NUTS,2010,ES3,1,6626.0
1998,NUTS,2010,ES3,1,6344.0
1999,NUTS,2010,ES3,1,6757.0
2000,NUTS,2010,ES3,1,8454.0
2001,NUTS,2010,ES3,1,8353.0
2002,NUTS,2010,ES3,1,8688.0
2003,NUTS,2010,ES3,1,9866.0
2004,NUTS,2010,ES3,1,10214.0
2005,NUTS,2010,ES3,1,10744.0
2006,NUTS,2010,ES3,1,12120.0
2007,NUTS,2010,ES3,1,13004.0
2008,NUTS,2010,ES3,1,14221.0
2009,NUTS,2010,ES3,1,14366.0
2010,NUTS,2010,ES3,1,15152.0
2011,NUTS,2010,ES3,1,13949.0
2012,NUTS,2010,ES3,1,13033.0
2013,NUTS,2010,ES3,1,12802.0
2014,NUTS,2010,ES3,1,12631.0
2015,NUTS,2010,ES3,1,12521.0
2016,NUTS,2010,ES3,1,13490.0
2017,NUTS,2010,ES3,1,15544.0
2018,NUTS,2010,ES3,1,16275.0
2019,NUTS,2010,ES3,1,16796.0
1988,NUTS,2010,ES30,2,4323.0
1989,NUTS,2010,ES30,2,4518.0
1990,NUTS,2010,ES30,2,4945.0
1991,NUTS,2010,ES30,2,4845.0
1992,NUTS,2010,ES30,2,5109.0
1993,NUTS,2010,ES30,2,5980.0
1994,NUTS,2010,ES30,2,6499.0
1995,NUTS,2010,ES30,2,7370.0
1996,NUTS,2010,ES30,2,7338.0
1997,NUTS,2010,ES30,2,6626.0
1998,NUTS,2010,ES30,2,6344.0
1999,NUTS,2010,ES30,2,6757.0
2000,NUTS,2010,ES30,2,8454.0
2001,NUTS,2010,ES30,2,8353.0
2002,NUTS,2010,ES30,2,8688.0
2003,NUTS,2010,ES30,2,9866.0
2004,NUTS,2010,ES30,2,10214.0
2005,NUTS,2010,ES30,2,10744.0
2006,NUTS,2010,ES30,2,12120.0
2007,NUTS,2010,ES30,2,13004.0
2008,NUTS,2010,ES30,2,14221.0
2009,NUTS,2010,ES30,2,14366.0
2010,NUTS,2010,ES30,2,15152.0
2011,NUTS,2010,ES30,2,13949.0
2012,NUTS,2010,ES30,2,13033.0
2013,NUTS,2010,ES30,2,12802.0
2014,NUTS,2010,ES30,2,12631.0
2015,NUTS,2010,ES30,2,12521.0
2016,NUTS,2010,ES30,2,13490.0
2017,NUTS,2010,ES30,2,15544.0
2018,NUTS,2010,ES30,2,16275.0
2019,NUTS,2010,ES30,2,16796.0
1988,NUTS,2010,ES4,1,1520.0
1989,NUTS,2010,ES4,1,1577.0
1990,NUTS,2010,ES4,1,1672.0
1991,NUTS,2010,ES4,1,1847.0
1992,NUTS,2010,ES4,1,2227.0
1993,NUTS,2010,ES4,1,3482.0
1994,NUTS,2010,ES4,1,3767.0
1995,NUTS,2010,ES4,1,2978.0
1996,NUTS,2010,ES4,1,4698.0
1997,NUTS,2010,ES4,1,4478.0
1998,NUTS,2010,ES4,1,4772.0
1999,NUTS,2010,ES4,1,4841.0
2000,NUTS,2010,ES4,1,5559.0
2001,NUTS,2010,ES4,1,6268.0
2002,NUTS,2010,ES4,1,6279.0
2003,NUTS,2010,ES4,1,6213.0
2004,NUTS,2010,ES4,1,6237.0
2005,NUTS,2010,ES4,1,6635.0
2006,NUTS,2010,ES4,1,6996.0
2007,NUTS,2010,ES4,1,7231.0
2008,NUTS,2010,ES4,1,7475.0
2009,NUTS,2010,ES4,1,7592.0
2010,NUTS,2010,ES4,1,7208.0
2011,NUTS,2010,ES4,1,6990.0
2013,NUTS,2010,ES4,1,6430.0
2014,NUTS,2010,ES4,1,6305.0
2015,NUTS,2010,ES4,1,6548.0
2016,NUTS,2010,ES4,1,6635.0
2018,NUTS,2010,ES4,1,6851.0
2019,NUTS,2010,ES4,1,7638.0
1988,NUTS,2010,ES41,2,1230.0
1989,NUTS,2010,ES41,2,1288.0
1990,NUTS,2010,ES41,2,1330.0
1991,NUTS,2010,ES41,2,1395.0
1992,NUTS,2010,ES41,2,1736.0
1993,NUTS,2010,ES41,2,2952.0
1994,NUTS,2010,ES41,2,2728.0
1995,NUTS,2010,ES41,2,2132.0
1996,NUTS,2010,ES41,2,3356.0
1997,NUTS,2010,ES41,2,3126.0
1998,NUTS,2010,ES41,2,3305.0
1999,NUTS,2010,ES41,2,3204.0
2000,NUTS,2010,ES41,2,3643.0
2001,NUTS,2010,ES41,2,4335.0
2002,NUTS,2010,ES41,2,4444.0
2003,NUTS,2010,ES41,2,4278.0
2004,NUTS,2010,ES41,2,4530.0
2005,NUTS,2010,ES41,2,4691.0
2006,NUTS,2010,ES41,2,4847.0
2007,NUTS,2010,ES41,2,4901.0
2008,NUTS,2010,ES41,2,4932.0
2009,NUTS,2010,ES41,2,5033.0
2010,NUTS,2010,ES41,2,4615.0
2011,NUTS,2010,ES41,2,4641.0
2012,NUTS,2010,ES41,2,4335.0
2013,NUTS,2010,ES41,2,4424.0
2014,NUTS,2010,ES41,2,4319.0
2015,NUTS,2010,ES41,2,4467.0
2016,NUTS,2010,ES41,2,4539.0
2017,NUTS,2010,ES41,2,4685.0
2018,NUTS,2010,ES41,2,4706.0
2019,NUTS,2010,ES41,2,5019.0
1988,NUTS,2010,ES42,2,43.0
1989,NUTS,2010,ES42,2,67.0
1990,NUTS,2010,ES42,2,95.0
1991,NUTS,2010,ES42,2,170.0
1992,NUTS,2010,ES42,2,191.0
1993,NUTS,2010,ES42,2,204.0
1994,NUTS,2010,ES42,2,315.0
1995,NUTS,2010,ES42,2,431.0
1996,NUTS,2010,ES42,2,753.0
1997,NUTS,2010,ES42,2,622.0
1998,NUTS,2010,ES42,2,638.0
1999,NUTS,2010,ES42,2,890.0
2000,NUTS,2010,ES42,2,910.0
2001,NUTS,2010,ES42,2,872.0
2002,NUTS,2010,ES42,2,910.0
2003,NUTS,2010,ES42,2,917.0
2004,NUTS,2010,ES42,2,904.0
2005,NUTS,2010,ES42,2,1037.0
2006,NUTS,2010,ES42,2,1041.0
2007,NUTS,2010,ES42,2,1167.0
2008,NUTS,2010,ES42,2,1247.0
2009,NUTS,2010,ES42,2,1269.0
2010,NUTS,2010,ES42,2,1292.0
2011,NUTS,2010,ES42,2,1173.0
2012,NUTS,2010,ES42,2,1030.0
2013,NUTS,2010,ES42,2,905.0
2014,NUTS,2010,ES42,2,929.0
2015,NUTS,2010,ES42,2,1083.0
2017,NUTS,2010,ES42,2,1141.0
1988,NUTS,2010,ES43,2,247.0
1989,NUTS,2010,ES43,2,222.0
1990,NUTS,2010,ES43,2,247.0
1991,NUTS,2010,ES43,2,282.0
1992,NUTS,2010,ES43,2,300.0
1993,NUTS,2010,ES43,2,326.0
1994,NUTS,2010,ES43,2,724.0
1995,NUTS,2010,ES43,2,415.0
1996,NUTS,2010,ES43,2,589.0
1997,NUTS,2010,ES43,2,730.0
1998,NUTS,2010,ES43,2,829.0
1999,NUTS,2010,ES43,2,747.0
2000,NUTS,2010,ES43,2,1006.0
2001,NUTS,2010,ES43,2,1061.0
2002,NUTS,2010,ES43,2,925.0
2003,NUTS,2010,ES43,2,1017.0
2004,NUTS,2010,ES43,2,803.0
2005,NUTS,2010,ES43,2,908.0
2006,NUTS,2010,ES43,2,1108.0
2007,NUTS,2010,ES43,2,1163.0
2008,NUTS,2010,ES43,2,1296.0
2009,NUTS,2010,ES43,2,1290.0
2010,NUTS,2010,ES43,2,1300.0
2011,NUTS,2010,ES43,2,1176.0
2013,NUTS,2010,ES43,2,1101.0
2014,NUTS,2010,ES43,2,1058.0
2015,NUTS,2010,ES43,2,997.0
1988,NUTS,2010,ES5,1,4230.0
1989,NUTS,2010,ES5,1,4537.0
1990,NUTS,2010,ES5,1,4777.0
1991,NUTS,2010,ES5,1,5475.0
1992,NUTS,2010,ES5,1,5993.0
1993,NUTS,2010,ES5,1,6720.0
1994,NUTS,2010,ES5,1,8174.0
1995,NUTS,2010,ES5,1,9965.0
1996,NUTS,2010,ES5,1,11784.0
1997,NUTS,2010,ES5,1,9740.0
1998,NUTS,2010,ES5,1,11614.0
1999,NUTS,2010,ES5,1,11299.0
2000,NUTS,2010,ES5,1,14862.0
2001,NUTS,2010,ES5,1,16109.0
2002,NUTS,2010,ES5,1,15834.0
2003,NUTS,2010,ES5,1,19560.0
2004,NUTS,2010,ES5,1,20337.0
2005,NUTS,2010,ES5,1,20971.0
2006,NUTS,2010,ES5,1,21979.0
2007,NUTS,2010,ES5,1,23527.0
2008,NUTS,2010,ES5,1,24166.0
2009,NUTS,2010,ES5,1,25254.0
2010,NUTS,2010,ES5,1,26046.0
2011,NUTS,2010,ES5,1,25876.0
2012,NUTS,2010,ES5,1,25088.0
2013,NUTS,2010,ES5,1,24711.0
2014,NUTS,2010,ES5,1,24443.0
2015,NUTS,2010,ES5,1,23923.0
2016,NUTS,2010,ES5,1,24886.0
2017,NUTS,2010,ES5,1,25628.0
2018,NUTS,2010,ES5,1,25344.0
1988,NUTS,2010,ES51,2,2918.0
1989,NUTS,2010,ES51,2,3043.0
1990,NUTS,2010,ES51,2,3187.0
1991,NUTS,2010,ES51,2,3354.0
1992,NUTS,2010,ES51,2,3710.0
1993,NUTS,2010,ES51,2,4141.0
1994,NUTS,2010,ES51,2,4522.0
1995,NUTS,2010,ES51,2,6414.0
1996,NUTS,2010,ES51,2,7782.0
1997,NUTS,2010,ES51,2,6046.0
1998,NUTS,2010,ES51,2,7512.0
1999,NUTS,2010,ES51,2,7347.0
2000,NUTS,2010,ES51,2,9490.0
2001,NUTS,2010,ES51,2,9611.0
2002,NUTS,2010,ES51,2,8801.0
2003,NUTS,2010,ES51,2,11678.0
2004,NUTS,2010,ES51,2,11947.0
2005,NUTS,2010,ES51,2,12519.0
2006,NUTS,2010,ES51,2,13555.0
2007,NUTS,2010,ES51,2,13805.0
2008,NUTS,2010,ES51,2,13952.0
2009,NUTS,2010,ES51,2,14634.0
2010,NUTS,2010,ES51,2,15046.0
2011,NUTS,2010,ES51,2,14498.0
2012,NUTS,2010,ES51,2,14241.0
2013,NUTS,2010,ES51,2,14049.0
2014,NUTS,2010,ES51,2,13859.0
2015,NUTS,2010,ES51,2,13888.0
2016,NUTS,2010,ES51,2,14561.0
2017,NUTS,2010,ES51,2,14915.0
2018,NUTS,2010,ES51,2,14808.0
2019,NUTS,2010,ES51,2,14922.0
1988,NUTS,2010,ES52,2,1220.0
1989,NUTS,2010,ES52,2,1378.0
1990,NUTS,2010,ES52,2,1464.0
1991,NUTS,2010,ES52,2,1958.0
1992,NUTS,2010,ES52,2,2152.0
1993,NUTS,2010,ES52,2,2437.0
1994,NUTS,2010,ES52,2,3485.0
1995,NUTS,2010,ES52,2,3241.0
1996,NUTS,2010,ES52,2,3435.0
1997,NUTS,2010,ES52,2,3410.0
1998,NUTS,2010,ES52,2,3714.0
1999,NUTS,2010,ES52,2,3595.0
2000,NUTS,2010,ES52,2,4999.0
2001,NUTS,2010,ES52,2,6007.0
2002,NUTS,2010,ES52,2,6661.0
2003,NUTS,2010,ES52,2,7395.0
2004,NUTS,2010,ES52,2,7822.0
2005,NUTS,2010,ES52,2,7823.0
2006,NUTS,2010,ES52,2,7760.0
2007,NUTS,2010,ES52,2,8965.0
2008,NUTS,2010,ES52,2,9370.0
2009,NUTS,2010,ES52,2,9666.0
2010,NUTS,2010,ES52,2,9889.0
2011,NUTS,2010,ES52,2,10223.0
2012,NUTS,2010,ES52,2,9651.0
2013,NUTS,2010,ES52,2,9501.0
2014,NUTS,2010,ES52,2,9381.0
2015,NUTS,2010,ES52,2,8974.0
2016,NUTS,2010,ES52,2,9145.0
2017,NUTS,2010,ES52,2,9393.0
2018,NUTS,2010,ES52,2,9050.0
2019,NUTS,2010,ES52,2,9553.0
1988,NUTS,2010,ES53,2,93.0
1989,NUTS,2010,ES53,2,117.0
1990,NUTS,2010,ES53,2,126.0
1991,NUTS,2010,ES53,2,162.0
1992,NUTS,2010,ES53,2,131.0
1993,NUTS,2010,ES53,2,142.0
1994,NUTS,2010,ES53,2,167.0
1995,NUTS,2010,ES53,2,310.0
1996,NUTS,2010,ES53,2,567.0
1997,NUTS,2010,ES53,2,284.0
1998,NUTS,2010,ES53,2,388.0
1999,NUTS,2010,ES53,2,357.0
2000,NUTS,2010,ES53,2,373.0
2001,NUTS,2010,ES53,2,491.0
2002,NUTS,2010,ES53,2,373.0
2003,NUTS,2010,ES53,2,487.0
2004,NUTS,2010,ES53,2,568.0
2005,NUTS,2010,ES53,2,629.0
2006,NUTS,2010,ES53,2,664.0
2007,NUTS,2010,ES53,2,757.0
2008,NUTS,2010,ES53,2,844.0
2009,NUTS,2010,ES53,2,953.0
2010,NUTS,2010,ES53,2,1111.0
2011,NUTS,2010,ES53,2,1155.0
2012,NUTS,2010,ES53,2,1195.0
2013,NUTS,2010,ES53,2,1160.0
2014,NUTS,2010,ES53,2,1204.0
2015,NUTS,2010,ES53,2,1061.0
2016,NUTS,2010,ES53,2,1180.0
2017,NUTS,2010,ES53,2,1320.0
2018,NUTS,2010,ES53,2,1485.0
1988,NUTS,2010,ES6,1,2697.0
1989,NUTS,2010,ES6,1,2834.0
1990,NUTS,2010,ES6,1,3149.0
1991,NUTS,2010,ES6,1,3577.0
1992,NUTS,2010,ES6,1,4807.0
1993,NUTS,2010,ES6,1,4790.0
1994,NUTS,2010,ES6,1,5260.0
1995,NUTS,2010,ES6,1,6198.0
1996,NUTS,2010,ES6,1,6529.0
1997,NUTS,2010,ES6,1,6896.0
1998,NUTS,2010,ES6,1,7348.0
1999,NUTS,2010,ES6,1,8119.0
2000,NUTS,2010,ES6,1,8135.0
2001,NUTS,2010,ES6,1,10275.0
2002,NUTS,2010,ES6,1,9106.0
2003,NUTS,2010,ES6,1,9853.0
2004,NUTS,2010,ES6,1,10962.0
2005,NUTS,2010,ES6,1,12187.0
2006,NUTS,2010,ES6,1,13336.0
2007,NUTS,2010,ES6,1,14303.0
2008,NUTS,2010,ES6,1,14944.0
2009,NUTS,2010,ES6,1,15325.0
2010,NUTS,2010,ES6,1,15849.0
2011,NUTS,2010,ES6,1,15861.0
2012,NUTS,2010,ES6,1,15355.0
2013,NUTS,2010,ES6,1,14578.0
2014,NUTS,2010,ES6,1,14076.0
2015,NUTS,2010,ES6,1,14425.0
2016,NUTS,2010,ES6,1,13958.0
2017,NUTS,2010,ES6,1,14765.0
2018,NUTS,2010,ES6,1,14932.0
2019,NUTS,2010,ES6,1,15243.0
1988,NUTS,2010,ES61,2,2316.0
1989,NUTS,2010,ES61,2,2438.0
1990,NUTS,2010,ES61,2,2730.0
1991,NUTS,2010,ES61,2,3153.0
1992,NUTS,2010,ES61,2,4128.0
1993,NUTS,2010,ES61,2,4069.0
1994,NUTS,2010,ES61,2,4497.0
1995,NUTS,2010,ES61,2,5402.0
1996,NUTS,2010,ES61,2,5823.0
1997,NUTS,2010,ES61,2,6001.0
1998,NUTS,2010,ES61,2,6523.0
1999,NUTS,2010,ES61,2,7311.0
2000,NUTS,2010,ES61,2,7147.0
2001,NUTS,2010,ES61,2,9081.0
2002,NUTS,2010,ES61,2,8130.0
2003,NUTS,2010,ES61,2,8063.0
2004,NUTS,2010,ES61,2,9129.0
2005,NUTS,2010,ES61,2,9804.0
2006,NUTS,2010,ES61,2,10163.0
2007,NUTS,2010,ES61,2,10806.0
2008,NUTS,2010,ES61,2,11207.0
2009,NUTS,2010,ES61,2,11679.0
2010,NUTS,2010,ES61,2,12180.0
2011,NUTS,2010,ES61,2,12269.0
2012,NUTS,2010,ES61,2,11946.0
2013,NUTS,2010,ES61,2,11210.0
2014,NUTS,2010,ES61,2,10724.0
2015,NUTS,2010,ES61,2,10919.0
2016,NUTS,2010,ES61,2,10535.0
2017,NUTS,2010,ES61,2,11384.0
2018,NUTS,2010,ES61,2,11503.0
2019,NUTS,2010,ES61,2,11738.0
1988,NUTS,2010,ES62,2,382.0
1989,NUTS,2010,ES62,2,396.0
1990,NUTS,2010,ES62,2,419.0
1991,NUTS,2010,ES62,2,424.0
1992,NUTS,2010,ES62,2,679.0
1993,NUTS,2010,ES62,2,721.0
1994,NUTS,2010,ES62,2,763.0
1995,NUTS,2010,ES62,2,796.0
1996,NUTS,2010,ES62,2,706.0
1997,NUTS,2010,ES62,2,895.0
1998,NUTS,2010,ES62,2,825.0
1999,NUTS,2010,ES62,2,808.0
2000,NUTS,2010,ES62,2,989.0
2001,NUTS,2010,ES62,2,1193.0
2002,NUTS,2010,ES62,2,976.0
2003,NUTS,2010,ES62,2,1749.0
2004,NUTS,2010,ES62,2,1787.0
2005,NUTS,2010,ES62,2,2330.0
2006,NUTS,2010,ES62,2,3098.0
2007,NUTS,2010,ES62,2,3446.0
2008,NUTS,2010,ES62,2,3667.0
2009,NUTS,2010,ES62,2,3617.0
2010,NUTS,2010,ES62,2,3634.0
2011,NUTS,2010,ES62,2,3560.0
2012,NUTS,2010,ES62,2,3371.0
2013,NUTS,2010,ES62,2,3330.0
2014,NUTS,2010,ES62,2,3316.0
2015,NUTS,2010,ES62,2,3470.0
2016,NUTS,2010,ES62,2,3369.0
2018,NUTS,2010,ES62,2,3330.0
2019,NUTS,2010,ES62,2,3406.0
2000,NUTS,2010,ES63,2,0.0
2001,NUTS,2010,ES63,2,0.0
2002,NUTS,2010,ES63,2,0.0
2003,NUTS,2010,ES63,2,41.0
2004,NUTS,2010,ES63,2,23.0
2005,NUTS,2010,ES63,2,27.0
2006,NUTS,2010,ES63,2,32.0
2007,NUTS,2010,ES63,2,21.0
2008,NUTS,2010,ES63,2,32.0
2009,NUTS,2010,ES63,2,12.0
2010,NUTS,2010,ES63,2,14.0
2011,NUTS,2010,ES63,2,14.0
2000,NUTS,2010,ES64,2,0.0
2001,NUTS,2010,ES64,2,0.0
2002,NUTS,2010,ES64,2,0.0
2003,NUTS,2010,ES64,2,0.0
2004,NUTS,2010,ES64,2,23.0
2005,NUTS,2010,ES64,2,26.0
2006,NUTS,2010,ES64,2,43.0
2007,NUTS,2010,ES64,2,31.0
2008,NUTS,2010,ES64,2,39.0
2009,NUTS,2010,ES64,2,17.0
2010,NUTS,2010,ES64,2,21.0
2011,NUTS,2010,ES64,2,20.0
1988,NUTS,2010,ES7,1,548.0
1989,NUTS,2010,ES7,1,555.0
1990,NUTS,2010,ES7,1,674.0
1991,NUTS,2010,ES7,1,891.0
1992,NUTS,2010,ES7,1,1187.0
1993,NUTS,2010,ES7,1,1290.0
1994,NUTS,2010,ES7,1,1331.0
1995,NUTS,2010,ES7,1,1292.0
1996,NUTS,2010,ES7,1,1657.0
1997,NUTS,2010,ES7,1,1248.0
1998,NUTS,2010,ES7,1,1777.0
1999,NUTS,2010,ES7,1,1609.0
2000,NUTS,2010,ES7,1,2158.0
2001,NUTS,2010,ES7,1,2429.0
2002,NUTS,2010,ES7,1,2757.0
2003,NUTS,2010,ES7,1,2492.0
2004,NUTS,2010,ES7,1,2650.0
2005,NUTS,2010,ES7,1,2587.0
2006,NUTS,2010,ES7,1,2809.0
2007,NUTS,2010,ES7,1,2637.0
2008,NUTS,2010,ES7,1,2560.0
2009,NUTS,2010,ES7,1,2363.0
2010,NUTS,2010,ES7,1,2070.0
2011,NUTS,2010,ES7,1,1894.0
2012,NUTS,2010,ES7,1,1917.0
2013,NUTS,2010,ES7,1,1736.0
2014,NUTS,2010,ES7,1,1721.0
2015,NUTS,2010,ES7,1,1545.0
2016,NUTS,2010,ES7,1,1647.0
2017,NUTS,2010,ES7,1,1688.0
2018,NUTS,2010,ES7,1,1727.0
1988,NUTS,2010,ES70,2,548.0
1989,NUTS,2010,ES70,2,555.0
1990,NUTS,2010,ES70,2,674.0
1991,NUTS,2010,ES70,2,891.0
1992,NUTS,2010,ES70,2,1187.0
1993,NUTS,2010,ES70,2,1290.0
1994,NUTS,2010,ES70,2,1331.0
1995,NUTS,2010,ES70,2,1292.0
1996,NUTS,2010,ES70,2,1657.0
1997,NUTS,2010,ES70,2,1248.0
1998,NUTS,2010,ES70,2,1777.0
1999,NUTS,2010,ES70,2,1609.0
2000,NUTS,2010,ES70,2,2158.0
2001,NUTS,2010,ES70,2,2429.0
2002,NUTS,2010,ES70,2,2757.0
2003,NUTS,2010,ES70,2,2492.0
2004,NUTS,2010,ES70,2,2650.0
2005,NUTS,2010,ES70,2,2587.0
2006,NUTS,2010,ES70,2,2809.0
2007,NUTS,2010,ES70,2,2637.0
2008,NUTS,2010,ES70,2,2560.0
2009,NUTS,2010,ES70,2,2363.0
2010,NUTS,2010,ES70,2,2070.0
2011,NUTS,2010,ES70,2,1894.0
2012,NUTS,2010,ES70,2,1917.0
2013,NUTS,2010,ES70,2,1736.0
2014,NUTS,2010,ES70,2,1721.0
2015,NUTS,2010,ES70,2,1545.0
2016,NUTS,2010,ES70,2,1647.0
2017,NUTS,2010,ES70,2,1688.0
2018,NUTS,2010,ES70,2,1727.0
2000,NUTS,2010,ESZ,1,0.0
2001,NUTS,2010,ESZ,1,0.0
2002,NUTS,2010,ESZ,1,0.0
2004,NUTS,2010,ESZ,1,0.0
2005,NUTS,2010,ESZ,1,0.0
2006,NUTS,2010,ESZ,1,0.0
2007,NUTS,2010,ESZ,1,0.0
2008,NUTS,2010,ESZ,1,0.0
2009,NUTS,2010,ESZ,1,0.0
2010,NUTS,2010,ESZ,1,0.0
2011,NUTS,2010,ESZ,1,0.0
2000,NUTS,2010,ESZZ,2,0.0
2001,NUTS,2010,ESZZ,2,0.0
2002,NUTS,2010,ESZZ,2,0.0
2004,NUTS,2010,ESZZ,2,0.0
2005,NUTS,2010,ESZZ,2,0.0
2006,NUTS,2010,ESZZ,2,0.0
2007,NUTS,2010,ESZZ,2,0.0
2008,NUTS,2010,ESZZ,2,0.0
2009,NUTS,2010,ESZZ,2,0.0
2010,NUTS,2010,ESZZ,2,0.0
2011,NUTS,2010,ESZZ,2,0.0
2000,NUTS,2010,EU27_2020,7,510032.0
2001,NUTS,2010,EU27_2020,7,525275.0
2002,NUTS,2010,EU27_2020,7,539083.0
2003,NUTS,2010,EU27_2020,7,545169.0
2004,NUTS,2010,EU27_2020,7,558412.0
2005,NUTS,2010,EU27_2020,7,570623.0
2006,NUTS,2010,EU27_2020,7,586641.0
2007,NUTS,2010,EU27_2020,7,609031.0
2008,NUTS,2010,EU27_2020,7,641821.0
2009,NUTS,2010,EU27_2020,7,661571.0
2010,NUTS,2010,EU27_2020,7,676754.0
2011,NUTS,2010,EU27_2020,7,678143.0
2012,NUTS,2010,EU27_2020,7,690279.0
2013,NUTS,2010,EU27_2020,7,698520.0
2014,NUTS,2010,EU27_2020,7,705956.0
2015,NUTS,2010,EU27_2020,7,718013.0
2016,NUTS,2010,EU27_2020,7,734193.0
2017,NUTS,2010,EU27_2020,7,756878.0
2018,NUTS,2010,EU27_2020,7,776960.0
2019,NUTS,2010,EU27_2020,7,798125.0
2020,NUTS,2010,EU27_2020,7,811425.0
1981,NUTS,2010,FI,0,4950.0
1983,NUTS,2010,FI,0,5483.0
1985,NUTS,2010,FI,0,5890.0
1987,NUTS,2010,FI,0,6698.0
1989,NUTS,2010,FI,0,7362.0
1991,NUTS,2010,FI,0,7662.0
1993,NUTS,2010,FI,0,8422.0
1994,NUTS,2010,FI,0,8582.0
1995,NUTS,2010,FI,0,9146.0
1997,NUTS,2010,FI,0,11855.0
1998,NUTS,2010,FI,0,13653.0
1999,NUTS,2010,FI,0,14840.0
2000,NUTS,2010,FI,0,15459.0
2001,NUTS,2010,FI,0,15596.0
2002,NUTS,2010,FI,0,16884.0
2003,NUTS,2010,FI,0,17486.0
2004,NUTS,2010,FI,0,17822.0
2005,NUTS,2010,FI,0,17453.0
2006,NUTS,2010,FI,0,17362.0
2007,NUTS,2010,FI,0,16503.0
2008,NUTS,2010,FI,0,15968.0
2009,NUTS,2010,FI,0,16490.0
2010,NUTS,2010,FI,0,17924.0
2011,NUTS,2010,FI,0,15847.0
2012,NUTS,2010,FI,0,16146.0
2013,NUTS,2010,FI,0,15726.0
2014,NUTS,2010,FI,0,16034.0
2015,NUTS,2010,FI,0,15515.0
2016,NUTS,2010,FI,0,15157.0
2017,NUTS,2010,FI,0,16007.0
2018,NUTS,2010,FI,0,16418.0
2019,NUTS,2010,FI,0,17002.0
2020,NUTS,2010,FI,0,17061.0
1995,NUTS,2010,FI1,1,9146.0
1997,NUTS,2010,FI1,1,11854.0
1998,NUTS,2010,FI1,1,13653.0
1999,NUTS,2010,FI1,1,14841.0
2000,NUTS,2010,FI1,1,15459.0
2001,NUTS,2010,FI1,1,15596.0
2002,NUTS,2010,FI1,1,16884.0
2003,NUTS,2010,FI1,1,17487.0
2004,NUTS,2010,FI1,1,17821.0
2005,NUTS,2010,FI1,1,17452.0
2006,NUTS,2010,FI1,1,17360.0
2007,NUTS,2010,FI1,1,16501.0
2008,NUTS,2010,FI1,1,15964.0
2009,NUTS,2010,FI1,1,16488.0
2010,NUTS,2010,FI1,1,17923.0
2012,NUTS,2010,FI1,1,16139.0
2015,NUTS,2010,FI1,1,15507.0
2016,NUTS,2010,FI1,1,15151.0
2017,NUTS,2010,FI1,1,15997.0
2018,NUTS,2010,FI1,1,16410.0
2019,NUTS,2010,FI1,1,16997.0
2000,NUTS,2010,FI19,2,3280.0
2001,NUTS,2010,FI19,2,3421.0
2002,NUTS,2010,FI19,2,3707.0
2003,NUTS,2010,FI19,2,3775.0
2004,NUTS,2010,FI19,2,4003.0
2005,NUTS,2010,FI19,2,3845.0
2006,NUTS,2010,FI19,2,3865.0
2007,NUTS,2010,FI19,2,3557.0
2008,NUTS,2010,FI19,2,3590.0
2009,NUTS,2010,FI19,2,3724.0
2010,NUTS,2010,FI19,2,3847.0
2011,NUTS,2010,FI19,2,3778.0
2012,NUTS,2010,FI19,2,3690.0
2013,NUTS,2010,FI19,2,3555.0
2015,NUTS,2010,FI19,2,3504.0
2016,NUTS,2010,FI19,2,3414.0
2017,NUTS,2010,FI19,2,3547.0
2018,NUTS,2010,FI19,2,3539.0
2019,NUTS,2010,FI19,2,3665.0
2009,NUTS,2010,FI1B,2,6256.0
2010,NUTS,2010,FI1B,2,6697.0
2011,NUTS,2010,FI1B,2,5901.0
2012,NUTS,2010,FI1B,2,6061.0
2013,NUTS,2010,FI1B,2,5886.0
2015,NUTS,2010,FI1B,2,6076.0
2016,NUTS,2010,FI1B,2,5891.0
2017,NUTS,2010,FI1B,2,6094.0
2018,NUTS,2010,FI1B,2,6251.0
2019,NUTS,2010,FI1B,2,6578.0
2009,NUTS,2010,FI1C,2,2936.0
2010,NUTS,2010,FI1C,2,3143.0
2011,NUTS,2010,FI1C,2,2769.0
2012,NUTS,2010,FI1C,2,2743.0
2013,NUTS,2010,FI1C,2,2763.0
2015,NUTS,2010,FI1C,2,2546.0
2016,NUTS,2010,FI1C,2,2459.0
2017,NUTS,2010,FI1C,2,2681.0
2018,NUTS,2010,FI1C,2,2862.0
2019,NUTS,2010,FI1C,2,2815.0
2000,NUTS,2010,FI1D,2,3226.0
2001,NUTS,2010,FI1D,2,3341.0
2002,NUTS,2010,FI1D,2,3589.0
2003,NUTS,2010,FI1D,2,3843.0
2004,NUTS,2010,FI1D,2,4013.0
2005,NUTS,2010,FI1D,2,3889.0
2006,NUTS,2010,FI1D,2,3784.0
2007,NUTS,2010,FI1D,2,3811.0
2008,NUTS,2010,FI1D,2,3431.0
2009,NUTS,2010,FI1D,2,3572.0
2010,NUTS,2010,FI1D,2,4237.0
2011,NUTS,2010,FI1D,2,3389.0
2012,NUTS,2010,FI1D,2,3645.0
2013,NUTS,2010,FI1D,2,3368.0
2015,NUTS,2010,FI1D,2,3380.0
2016,NUTS,2010,FI1D,2,3386.0
2017,NUTS,2010,FI1D,2,3676.0
2018,NUTS,2010,FI1D,2,3758.0
2019,NUTS,2010,FI1D,2,3939.0
2002,NUTS,2010,FI2,1,0.0
2004,NUTS,2010,FI2,1,1.0
2005,NUTS,2010,FI2,1,1.0
2006,NUTS,2010,FI2,1,2.0
2007,NUTS,2010,FI2,1,2.0
2008,NUTS,2010,FI2,1,4.0
2009,NUTS,2010,FI2,1,2.0
2010,NUTS,2010,FI2,1,2.0
2015,NUTS,2010,FI2,1,8.0
2016,NUTS,2010,FI2,1,6.0
2017,NUTS,2010,FI2,1,10.0
2018,NUTS,2010,FI2,1,8.0
2019,NUTS,2010,FI2,1,5.0
2002,NUTS,2010,FI20,2,0.0
2004,NUTS,2010,FI20,2,1.0
2005,NUTS,2010,FI20,2,1.0
2006,NUTS,2010,FI20,2,2.0
2007,NUTS,2010,FI20,2,2.0
2008,NUTS,2010,FI20,2,4.0
2009,NUTS,2010,FI20,2,2.0
2010,NUTS,2010,FI20,2,2.0
2015,NUTS,2010,FI20,2,8.0
2016,NUTS,2010,FI20,2,6.0
2017,NUTS,2010,FI20,2,10.0
2018,NUTS,2010,FI20,2,8.0
2019,NUTS,2010,FI20,2,5.0
1981,NUTS,2010,FR,0,55200.0
1982,NUTS,2010,FR,0,55865.0
1983,NUTS,2010,FR,0,57216.0
1984,NUTS,2010,FR,0,58537.0
1985,NUTS,2010,FR,0,59061.0
1986,NUTS,2010,FR,0,59528.0
1987,NUTS,2010,FR,0,59376.0
1988,NUTS,2010,FR,0,62218.0
1989,NUTS,2010,FR,0,63262.0
1990,NUTS,2010,FR,0,63502.0
1991,NUTS,2010,FR,0,66079.0
1992,NUTS,2010,FR,0,72625.0
1993,NUTS,2010,FR,0,74876.0
1994,NUTS,2010,FR,0,78132.0
1995,NUTS,2010,FR,0,80678.0
1996,NUTS,2010,FR,0,81538.0
1997,NUTS,2010,FR,0,79926.0
1998,NUTS,2010,FR,0,82177.0
1999,NUTS,2010,FR,0,83254.0
2000,NUTS,2010,FR,0,90051.0
2001,NUTS,2010,FR,0,91944.0
2002,NUTS,2010,FR,0,94198.0
2003,NUTS,2010,FR,0,95234.0
2004,NUTS,2010,FR,0,97036.0
2005,NUTS,2010,FR,0,98743.0
2006,NUTS,2010,FR,0,101073.0
2007,NUTS,2010,FR,0,102616.0
2008,NUTS,2010,FR,0,104961.0
2009,NUTS,2010,FR,0,105048.0
2010,NUTS,2010,FR,0,106585.0
2011,NUTS,2010,FR,0,107891.0
2012,NUTS,2010,FR,0,108794.0
2013,NUTS,2010,FR,0,109883.0
2014,NUTS,2010,FR,0,111700.0
2015,NUTS,2010,FR,0,117794.0
2016,NUTS,2010,FR,0,119367.0
2017,NUTS,2010,FR,0,119788.0
2018,NUTS,2010,FR,0,119932.0
2019,NUTS,2010,FR,0,120973.0
2020,NUTS,2010,FR,0,122003.0
1991,NUTS,2010,FR1,1,14768.0
1992,NUTS,2010,FR1,1,14357.0
1993,NUTS,2010,FR1,1,14035.0
1994,NUTS,2010,FR1,1,14284.0
1995,NUTS,2010,FR1,1,13937.0
1996,NUTS,2010,FR1,1,13541.0
1997,NUTS,2010,FR1,1,30887.0
1998,NUTS,2010,FR1,1,31016.0
2000,NUTS,2010,FR1,1,29775.0
2001,NUTS,2010,FR1,1,31028.0
2002,NUTS,2010,FR1,1,31891.0
2003,NUTS,2010,FR1,1,32171.0
2004,NUTS,2010,FR1,1,32983.0
2006,NUTS,2010,FR1,1,33738.0
2007,NUTS,2010,FR1,1,34334.0
2008,NUTS,2010,FR1,1,35438.0
2009,NUTS,2010,FR1,1,34690.0
2010,NUTS,2010,FR1,1,34741.0
2011,NUTS,2010,FR1,1,34565.0
2012,NUTS,2010,FR1,1,34836.0
2013,NUTS,2010,FR1,1,34719.0
1991,NUTS,2010,FR10,2,14768.0
1992,NUTS,2010,FR10,2,14357.0
1993,NUTS,2010,FR10,2,14035.0
1994,NUTS,2010,FR10,2,14284.0
1995,NUTS,2010,FR10,2,13937.0
1996,NUTS,2010,FR10,2,13541.0
1997,NUTS,2010,FR10,2,30887.0
1998,NUTS,2010,FR10,2,31016.0
2000,NUTS,2010,FR10,2,29775.0
2001,NUTS,2010,FR10,2,31028.0
2002,NUTS,2010,FR10,2,31891.0
2003,NUTS,2010,FR10,2,32171.0
2004,NUTS,2010,FR10,2,32983.0
2006,NUTS,2010,FR10,2,33738.0
2007,NUTS,2010,FR10,2,34334.0
2008,NUTS,2010,FR10,2,35438.0
2009,NUTS,2010,FR10,2,34690.0
2010,NUTS,2010,FR10,2,34741.0
2011,NUTS,2010,FR10,2,34565.0
2012,NUTS,2010,FR10,2,34836.0
2013,NUTS,2010,FR10,2,34719.0
1991,NUTS,2010,FR2,1,848.0
1992,NUTS,2010,FR2,1,1091.0
1993,NUTS,2010,FR2,1,1135.0
1994,NUTS,2010,FR2,1,1240.0
1995,NUTS,2010,FR2,1,1327.0
1996,NUTS,2010,FR2,1,1341.0
1997,NUTS,2010,FR2,1,6297.0
1998,NUTS,2010,FR2,1,6642.0
2000,NUTS,2010,FR2,1,7132.0
2001,NUTS,2010,FR2,1,7471.0
2002,NUTS,2010,FR2,1,8365.0
2003,NUTS,2010,FR2,1,7784.0
2004,NUTS,2010,FR2,1,7953.0
2006,NUTS,2010,FR2,1,8385.0
2007,NUTS,2010,FR2,1,8488.0
2008,NUTS,2010,FR2,1,8651.0
2009,NUTS,2010,FR2,1,8574.0
2010,NUTS,2010,FR2,1,8718.0
2011,NUTS,2010,FR2,1,9017.0
2012,NUTS,2010,FR2,1,9190.0
2013,NUTS,2010,FR2,1,9175.0
1991,NUTS,2010,FR21,2,33.0
1992,NUTS,2010,FR21,2,22.0
1993,NUTS,2010,FR21,2,22.0
1994,NUTS,2010,FR21,2,22.0
1995,NUTS,2010,FR21,2,62.0
1996,NUTS,2010,FR21,2,38.0
1997,NUTS,2010,FR21,2,695.0
1998,NUTS,2010,FR21,2,727.0
2000,NUTS,2010,FR21,2,792.0
2001,NUTS,2010,FR21,2,834.0
2002,NUTS,2010,FR21,2,832.0
2003,NUTS,2010,FR21,2,853.0
2004,NUTS,2010,FR21,2,869.0
2006,NUTS,2010,FR21,2,894.0
2007,NUTS,2010,FR21,2,921.0
2008,NUTS,2010,FR21,2,902.0
2009,NUTS,2010,FR21,2,889.0
2010,NUTS,2010,FR21,2,956.0
2011,NUTS,2010,FR21,2,976.0
2012,NUTS,2010,FR21,2,1012.0
2013,NUTS,2010,FR21,2,1012.0
1991,NUTS,2010,FR22,2,37.0
1992,NUTS,2010,FR22,2,40.0
1993,NUTS,2010,FR22,2,40.0
1994,NUTS,2010,FR22,2,53.0
1995,NUTS,2010,FR22,2,45.0
1996,NUTS,2010,FR22,2,47.0
1997,NUTS,2010,FR22,2,773.0
1998,NUTS,2010,FR22,2,813.0
2000,NUTS,2010,FR22,2,873.0
2001,NUTS,2010,FR22,2,911.0
2002,NUTS,2010,FR22,2,1199.0
2003,NUTS,2010,FR22,2,957.0
2004,NUTS,2010,FR22,2,945.0
2006,NUTS,2010,FR22,2,1029.0
2007,NUTS,2010,FR22,2,1021.0
2008,NUTS,2010,FR22,2,1125.0
2009,NUTS,2010,FR22,2,1063.0
2010,NUTS,2010,FR22,2,1194.0
2011,NUTS,2010,FR22,2,1188.0
2012,NUTS,2010,FR22,2,1257.0
2013,NUTS,2010,FR22,2,1227.0
1991,NUTS,2010,FR23,2,80.0
1992,NUTS,2010,FR23,2,79.0
1993,NUTS,2010,FR23,2,83.0
1994,NUTS,2010,FR23,2,103.0
1995,NUTS,2010,FR23,2,111.0
1996,NUTS,2010,FR23,2,119.0
1997,NUTS,2010,FR23,2,1031.0
1998,NUTS,2010,FR23,2,1062.0
2000,NUTS,2010,FR23,2,1190.0
2001,NUTS,2010,FR23,2,1232.0
2002,NUTS,2010,FR23,2,1276.0
2003,NUTS,2010,FR23,2,1317.0
2004,NUTS,2010,FR23,2,1342.0
2006,NUTS,2010,FR23,2,1373.0
2007,NUTS,2010,FR23,2,1402.0
2008,NUTS,2010,FR23,2,1390.0
2009,NUTS,2010,FR23,2,1401.0
2010,NUTS,2010,FR23,2,1415.0
2011,NUTS,2010,FR23,2,1553.0
2012,NUTS,2010,FR23,2,1602.0
2013,NUTS,2010,FR23,2,1625.0
1991,NUTS,2010,FR24,2,210.0
1992,NUTS,2010,FR24,2,456.0
1993,NUTS,2010,FR24,2,466.0
1994,NUTS,2010,FR24,2,496.0
1995,NUTS,2010,FR24,2,493.0
1996,NUTS,2010,FR24,2,512.0
1997,NUTS,2010,FR24,2,1620.0
1998,NUTS,2010,FR24,2,1729.0
2000,NUTS,2010,FR24,2,1830.0
2001,NUTS,2010,FR24,2,1938.0
2002,NUTS,2010,FR24,2,2065.0
2003,NUTS,2010,FR24,2,2011.0
2004,NUTS,2010,FR24,2,2036.0
2006,NUTS,2010,FR24,2,2115.0
2007,NUTS,2010,FR24,2,2163.0
2008,NUTS,2010,FR24,2,2200.0
2009,NUTS,2010,FR24,2,2209.0
2010,NUTS,2010,FR24,2,2191.0
2011,NUTS,2010,FR24,2,2258.0
2012,NUTS,2010,FR24,2,2252.0
2013,NUTS,2010,FR24,2,2296.0
1991,NUTS,2010,FR25,2,330.0
1992,NUTS,2010,FR25,2,336.0
1993,NUTS,2010,FR25,2,369.0
1994,NUTS,2010,FR25,2,392.0
1995,NUTS,2010,FR25,2,415.0
1996,NUTS,2010,FR25,2,419.0
1997,NUTS,2010,FR25,2,1207.0
1998,NUTS,2010,FR25,2,1236.0
2000,NUTS,2010,FR25,2,1315.0
2001,NUTS,2010,FR25,2,1355.0
2002,NUTS,2010,FR25,2,1749.0
2003,NUTS,2010,FR25,2,1413.0
2004,NUTS,2010,FR25,2,1460.0
2006,NUTS,2010,FR25,2,1603.0
2007,NUTS,2010,FR25,2,1581.0
2008,NUTS,2010,FR25,2,1673.0
2009,NUTS,2010,FR25,2,1573.0
2010,NUTS,2010,FR25,2,1598.0
2011,NUTS,2010,FR25,2,1627.0
2012,NUTS,2010,FR25,2,1639.0
2013,NUTS,2010,FR25,2,1666.0
1991,NUTS,2010,FR26,2,158.0
1992,NUTS,2010,FR26,2,158.0
1993,NUTS,2010,FR26,2,155.0
1994,NUTS,2010,FR26,2,174.0
1995,NUTS,2010,FR26,2,201.0
1996,NUTS,2010,FR26,2,206.0
1997,NUTS,2010,FR26,2,971.0
1998,NUTS,2010,FR26,2,1075.0
2000,NUTS,2010,FR26,2,1132.0
2001,NUTS,2010,FR26,2,1201.0
2002,NUTS,2010,FR26,2,1244.0
2003,NUTS,2010,FR26,2,1232.0
2004,NUTS,2010,FR26,2,1300.0
2006,NUTS,2010,FR26,2,1370.0
2007,NUTS,2010,FR26,2,1401.0
2008,NUTS,2010,FR26,2,1362.0
2009,NUTS,2010,FR26,2,1440.0
2010,NUTS,2010,FR26,2,1364.0
2011,NUTS,2010,FR26,2,1416.0
2012,NUTS,2010,FR26,2,1428.0
2013,NUTS,2010,FR26,2,1349.0
1991,NUTS,2010,FR3,1,455.0
1992,NUTS,2010,FR3,1,451.0
1993,NUTS,2010,FR3,1,476.0
1994,NUTS,2010,FR3,1,549.0
1995,NUTS,2010,FR3,1,588.0
1996,NUTS,2010,FR3,1,559.0
1997,NUTS,2010,FR3,1,3276.0
1998,NUTS,2010,FR3,1,3390.0
2000,NUTS,2010,FR3,1,3655.0
2001,NUTS,2010,FR3,1,3795.0
2002,NUTS,2010,FR3,1,3948.0
2003,NUTS,2010,FR3,1,4019.0
2004,NUTS,2010,FR3,1,4080.0
2006,NUTS,2010,FR3,1,4263.0
2007,NUTS,2010,FR3,1,4341.0
2008,NUTS,2010,FR3,1,4424.0
2009,NUTS,2010,FR3,1,4461.0
2010,NUTS,2010,FR3,1,4665.0
2011,NUTS,2010,FR3,1,4711.0
2012,NUTS,2010,FR3,1,4752.0
2013,NUTS,2010,FR3,1,4801.0
1991,NUTS,2010,FR30,2,455.0
1992,NUTS,2010,FR30,2,451.0
1993,NUTS,2010,FR30,2,476.0
1994,NUTS,2010,FR30,2,549.0
1995,NUTS,2010,FR30,2,588.0
1996,NUTS,2010,FR30,2,559.0
1997,NUTS,2010,FR30,2,3276.0
1998,NUTS,2010,FR30,2,3390.0
2000,NUTS,2010,FR30,2,3655.0
2001,NUTS,2010,FR30,2,3795.0
2002,NUTS,2010,FR30,2,3948.0
2003,NUTS,2010,FR30,2,4019.0
2004,NUTS,2010,FR30,2,4080.0
2006,NUTS,2010,FR30,2,4263.0
2007,NUTS,2010,FR30,2,4341.0
2008,NUTS,2010,FR30,2,4424.0
2009,NUTS,2010,FR30,2,4461.0
2010,NUTS,2010,FR30,2,4665.0
2011,NUTS,2010,FR30,2,4711.0
2012,NUTS,2010,FR30,2,4752.0
2013,NUTS,2010,FR30,2,4801.0
1991,NUTS,2010,FR4,1,2711.0
1992,NUTS,2010,FR4,1,2657.0
1993,NUTS,2010,FR4,1,2660.0
1994,NUTS,2010,FR4,1,2732.0
1995,NUTS,2010,FR4,1,2764.0
1996,NUTS,2010,FR4,1,2707.0
1997,NUTS,2010,FR4,1,7278.0
1998,NUTS,2010,FR4,1,7448.0
2000,NUTS,2010,FR4,1,7524.0
2001,NUTS,2010,FR4,1,7739.0
2002,NUTS,2010,FR4,1,8029.0
2003,NUTS,2010,FR4,1,7991.0
2004,NUTS,2010,FR4,1,8043.0
2006,NUTS,2010,FR4,1,8384.0
2007,NUTS,2010,FR4,1,8444.0
2008,NUTS,2010,FR4,1,8583.0
2009,NUTS,2010,FR4,1,8530.0
2010,NUTS,2010,FR4,1,9124.0
2011,NUTS,2010,FR4,1,9063.0
2012,NUTS,2010,FR4,1,8951.0
2013,NUTS,2010,FR4,1,8995.0
1991,NUTS,2010,FR41,2,957.0
1992,NUTS,2010,FR41,2,930.0
1993,NUTS,2010,FR41,2,939.0
1994,NUTS,2010,FR41,2,989.0
1995,NUTS,2010,FR41,2,1014.0
1996,NUTS,2010,FR41,2,969.0
1997,NUTS,2010,FR41,2,2933.0
1998,NUTS,2010,FR41,2,2975.0
2000,NUTS,2010,FR41,2,3013.0
2001,NUTS,2010,FR41,2,3119.0
2002,NUTS,2010,FR41,2,3238.0
2003,NUTS,2010,FR41,2,3217.0
2004,NUTS,2010,FR41,2,3260.0
2006,NUTS,2010,FR41,2,3369.0
2007,NUTS,2010,FR41,2,3365.0
2008,NUTS,2010,FR41,2,3385.0
2009,NUTS,2010,FR41,2,3410.0
2010,NUTS,2010,FR41,2,3637.0
2011,NUTS,2010,FR41,2,3545.0
2012,NUTS,2010,FR41,2,3559.0
2013,NUTS,2010,FR41,2,3587.0
1991,NUTS,2010,FR42,2,1637.0
1992,NUTS,2010,FR42,2,1623.0
1993,NUTS,2010,FR42,2,1614.0
1994,NUTS,2010,FR42,2,1621.0
1995,NUTS,2010,FR42,2,1632.0
1996,NUTS,2010,FR42,2,1608.0
1997,NUTS,2010,FR42,2,3488.0
1998,NUTS,2010,FR42,2,3556.0
2000,NUTS,2010,FR42,2,3522.0
2001,NUTS,2010,FR42,2,3595.0
2002,NUTS,2010,FR42,2,3745.0
2003,NUTS,2010,FR42,2,3725.0
2004,NUTS,2010,FR42,2,3732.0
2006,NUTS,2010,FR42,2,3888.0
2007,NUTS,2010,FR42,2,3940.0
2008,NUTS,2010,FR42,2,4021.0
2009,NUTS,2010,FR42,2,3950.0
2010,NUTS,2010,FR42,2,4244.0
2011,NUTS,2010,FR42,2,4209.0
2012,NUTS,2010,FR42,2,4088.0
2013,NUTS,2010,FR42,2,4047.0
1991,NUTS,2010,FR43,2,117.0
1992,NUTS,2010,FR43,2,104.0
1993,NUTS,2010,FR43,2,107.0
1994,NUTS,2010,FR43,2,122.0
1995,NUTS,2010,FR43,2,118.0
1996,NUTS,2010,FR43,2,130.0
1997,NUTS,2010,FR43,2,857.0
1998,NUTS,2010,FR43,2,917.0
2000,NUTS,2010,FR43,2,989.0
2001,NUTS,2010,FR43,2,1025.0
2002,NUTS,2010,FR43,2,1045.0
2003,NUTS,2010,FR43,2,1050.0
2004,NUTS,2010,FR43,2,1051.0
2006,NUTS,2010,FR43,2,1127.0
2007,NUTS,2010,FR43,2,1138.0
2008,NUTS,2010,FR43,2,1178.0
2009,NUTS,2010,FR43,2,1169.0
2010,NUTS,2010,FR43,2,1243.0
2011,NUTS,2010,FR43,2,1309.0
2012,NUTS,2010,FR43,2,1303.0
2013,NUTS,2010,FR43,2,1361.0
1991,NUTS,2010,FR5,1,953.0
1992,NUTS,2010,FR5,1,1005.0
1993,NUTS,2010,FR5,1,1101.0
1994,NUTS,2010,FR5,1,1211.0
1995,NUTS,2010,FR5,1,1347.0
1996,NUTS,2010,FR5,1,1299.0
1997,NUTS,2010,FR5,1,6319.0
1998,NUTS,2010,FR5,1,6608.0
2000,NUTS,2010,FR5,1,7200.0
2001,NUTS,2010,FR5,1,7623.0
2002,NUTS,2010,FR5,1,7903.0
2003,NUTS,2010,FR5,1,7997.0
2004,NUTS,2010,FR5,1,8511.0
2006,NUTS,2010,FR5,1,8581.0
2007,NUTS,2010,FR5,1,8738.0
2008,NUTS,2010,FR5,1,9375.0
2009,NUTS,2010,FR5,1,9594.0
2010,NUTS,2010,FR5,1,9492.0
2011,NUTS,2010,FR5,1,9819.0
2012,NUTS,2010,FR5,1,10026.0
2013,NUTS,2010,FR5,1,10319.0
1991,NUTS,2010,FR51,2,203.0
1992,NUTS,2010,FR51,2,190.0
1993,NUTS,2010,FR51,2,206.0
1994,NUTS,2010,FR51,2,291.0
1995,NUTS,2010,FR51,2,373.0
1996,NUTS,2010,FR51,2,359.0
1997,NUTS,2010,FR51,2,2156.0
1998,NUTS,2010,FR51,2,2266.0
2000,NUTS,2010,FR51,2,2521.0
2001,NUTS,2010,FR51,2,2757.0
2002,NUTS,2010,FR51,2,2872.0
2003,NUTS,2010,FR51,2,2851.0
2004,NUTS,2010,FR51,2,3005.0
2006,NUTS,2010,FR51,2,3118.0
2007,NUTS,2010,FR51,2,3169.0
2008,NUTS,2010,FR51,2,3416.0
2009,NUTS,2010,FR51,2,3508.0
2010,NUTS,2010,FR51,2,3529.0
2011,NUTS,2010,FR51,2,3617.0
2012,NUTS,2010,FR51,2,3744.0
2013,NUTS,2010,FR51,2,3870.0
1991,NUTS,2010,FR52,2,448.0
1992,NUTS,2010,FR52,2,534.0
1993,NUTS,2010,FR52,2,603.0
1994,NUTS,2010,FR52,2,623.0
1995,NUTS,2010,FR52,2,669.0
1996,NUTS,2010,FR52,2,629.0
1997,NUTS,2010,FR52,2,2850.0
1998,NUTS,2010,FR52,2,2988.0
2000,NUTS,2010,FR52,2,3243.0
2001,NUTS,2010,FR52,2,3371.0
2002,NUTS,2010,FR52,2,3509.0
2003,NUTS,2010,FR52,2,3582.0
2004,NUTS,2010,FR52,2,1549.0
2006,NUTS,2010,FR52,2,3849.0
2007,NUTS,2010,FR52,2,3939.0
2008,NUTS,2010,FR52,2,4290.0
2009,NUTS,2010,FR52,2,4414.0
2010,NUTS,2010,FR52,2,4291.0
2011,NUTS,2010,FR52,2,4448.0
2012,NUTS,2010,FR52,2,4535.0
2013,NUTS,2010,FR52,2,4622.0
1991,NUTS,2010,FR53,2,302.0
1992,NUTS,2010,FR53,2,281.0
1993,NUTS,2010,FR53,2,292.0
1994,NUTS,2010,FR53,2,297.0
1995,NUTS,2010,FR53,2,305.0
1996,NUTS,2010,FR53,2,311.0
1997,NUTS,2010,FR53,2,1313.0
1998,NUTS,2010,FR53,2,1354.0
2000,NUTS,2010,FR53,2,1436.0
2001,NUTS,2010,FR53,2,1495.0
2002,NUTS,2010,FR53,2,1522.0
2003,NUTS,2010,FR53,2,1564.0
2004,NUTS,2010,FR53,2,3958.0
2006,NUTS,2010,FR53,2,1615.0
2007,NUTS,2010,FR53,2,1630.0
2008,NUTS,2010,FR53,2,1669.0
2009,NUTS,2010,FR53,2,1673.0
2010,NUTS,2010,FR53,2,1672.0
2011,NUTS,2010,FR53,2,1755.0
2012,NUTS,2010,FR53,2,1747.0
2013,NUTS,2010,FR53,2,1828.0
1991,NUTS,2010,FR6,1,2177.0
1992,NUTS,2010,FR6,1,2185.0
1993,NUTS,2010,FR6,1,2252.0
1994,NUTS,2010,FR6,1,2382.0
1995,NUTS,2010,FR6,1,2454.0
1996,NUTS,2010,FR6,1,2481.0
1997,NUTS,2010,FR6,1,8399.0
1998,NUTS,2010,FR6,1,8706.0
2000,NUTS,2010,FR6,1,9074.0
2001,NUTS,2010,FR6,1,9583.0
2002,NUTS,2010,FR6,1,9976.0
2003,NUTS,2010,FR6,1,10056.0
2004,NUTS,2010,FR6,1,10318.0
2006,NUTS,2010,FR6,1,10744.0
2007,NUTS,2010,FR6,1,11123.0
2008,NUTS,2010,FR6,1,11226.0
2009,NUTS,2010,FR6,1,11438.0
2010,NUTS,2010,FR6,1,11729.0
2011,NUTS,2010,FR6,1,12079.0
2012,NUTS,2010,FR6,1,12241.0
2013,NUTS,2010,FR6,1,12356.0
1991,NUTS,2010,FR61,2,812.0
1992,NUTS,2010,FR61,2,835.0
1993,NUTS,2010,FR61,2,806.0
1994,NUTS,2010,FR61,2,864.0
1995,NUTS,2010,FR61,2,933.0
1996,NUTS,2010,FR61,2,948.0
1997,NUTS,2010,FR61,2,3282.0
1998,NUTS,2010,FR61,2,3365.0
2000,NUTS,2010,FR61,2,3578.0
2001,NUTS,2010,FR61,2,3773.0
2002,NUTS,2010,FR61,2,3862.0
2003,NUTS,2010,FR61,2,3921.0
2004,NUTS,2010,FR61,2,3958.0
2006,NUTS,2010,FR61,2,4041.0
2007,NUTS,2010,FR61,2,4125.0
2008,NUTS,2010,FR61,2,4203.0
2009,NUTS,2010,FR61,2,4327.0
2010,NUTS,2010,FR61,2,4445.0
2011,NUTS,2010,FR61,2,4534.0
2012,NUTS,2010,FR61,2,4648.0
2013,NUTS,2010,FR61,2,4757.0
1991,NUTS,2010,FR62,2,1337.0
1992,NUTS,2010,FR62,2,1325.0
1993,NUTS,2010,FR62,2,1415.0
1994,NUTS,2010,FR62,2,1476.0
1995,NUTS,2010,FR62,2,1483.0
1996,NUTS,2010,FR62,2,1489.0
1997,NUTS,2010,FR62,2,4618.0
1998,NUTS,2010,FR62,2,4817.0
2000,NUTS,2010,FR62,2,4873.0
2001,NUTS,2010,FR62,2,5207.0
2002,NUTS,2010,FR62,2,5492.0
2003,NUTS,2010,FR62,2,5500.0
2004,NUTS,2010,FR62,2,5715.0
2006,NUTS,2010,FR62,2,5991.0
2007,NUTS,2010,FR62,2,6251.0
2008,NUTS,2010,FR62,2,6285.0
2009,NUTS,2010,FR62,2,6338.0
2010,NUTS,2010,FR62,2,6485.0
2011,NUTS,2010,FR62,2,6644.0
2012,NUTS,2010,FR62,2,6739.0
2013,NUTS,2010,FR62,2,6732.0
1991,NUTS,2010,FR63,2,28.0
1992,NUTS,2010,FR63,2,25.0
1993,NUTS,2010,FR63,2,31.0
1994,NUTS,2010,FR63,2,42.0
1995,NUTS,2010,FR63,2,38.0
1996,NUTS,2010,FR63,2,44.0
1997,NUTS,2010,FR63,2,499.0
1998,NUTS,2010,FR63,2,524.0
2000,NUTS,2010,FR63,2,623.0
2001,NUTS,2010,FR63,2,603.0
2002,NUTS,2010,FR63,2,623.0
2003,NUTS,2010,FR63,2,635.0
2004,NUTS,2010,FR63,2,645.0
2006,NUTS,2010,FR63,2,711.0
2007,NUTS,2010,FR63,2,748.0
2008,NUTS,2010,FR63,2,738.0
2009,NUTS,2010,FR63,2,773.0
2010,NUTS,2010,FR63,2,798.0
2011,NUTS,2010,FR63,2,902.0
2012,NUTS,2010,FR63,2,854.0
2013,NUTS,2010,FR63,2,867.0
1991,NUTS,2010,FR7,1,3187.0
1992,NUTS,2010,FR7,1,3127.0
1993,NUTS,2010,FR7,1,3205.0
1994,NUTS,2010,FR7,1,3435.0
1995,NUTS,2010,FR7,1,3566.0
1996,NUTS,2010,FR7,1,3548.0
1997,NUTS,2010,FR7,1,10221.0
1998,NUTS,2010,FR7,1,10509.0
2000,NUTS,2010,FR7,1,11111.0
2001,NUTS,2010,FR7,1,11705.0
2002,NUTS,2010,FR7,1,12153.0
2003,NUTS,2010,FR7,1,12278.0
2004,NUTS,2010,FR7,1,12475.0
2006,NUTS,2010,FR7,1,12911.0
2007,NUTS,2010,FR7,1,13259.0
2008,NUTS,2010,FR7,1,13437.0
2009,NUTS,2010,FR7,1,13596.0
2010,NUTS,2010,FR7,1,13768.0
2011,NUTS,2010,FR7,1,14114.0
2012,NUTS,2010,FR7,1,14306.0
2013,NUTS,2010,FR7,1,14685.0
1991,NUTS,2010,FR71,2,2991.0
1992,NUTS,2010,FR71,2,2935.0
1993,NUTS,2010,FR71,2,3001.0
1994,NUTS,2010,FR71,2,3211.0
1995,NUTS,2010,FR71,2,3307.0
1996,NUTS,2010,FR71,2,3271.0
1997,NUTS,2010,FR71,2,8957.0
1998,NUTS,2010,FR71,2,9198.0
2000,NUTS,2010,FR71,2,9692.0
2001,NUTS,2010,FR71,2,10256.0
2002,NUTS,2010,FR71,2,10674.0
2003,NUTS,2010,FR71,2,10759.0
2004,NUTS,2010,FR71,2,10965.0
2006,NUTS,2010,FR71,2,11368.0
2007,NUTS,2010,FR71,2,11671.0
2008,NUTS,2010,FR71,2,11849.0
2009,NUTS,2010,FR71,2,11965.0
2010,NUTS,2010,FR71,2,12110.0
2011,NUTS,2010,FR71,2,12410.0
2012,NUTS,2010,FR71,2,12593.0
2013,NUTS,2010,FR71,2,12911.0
1991,NUTS,2010,FR72,2,196.0
1992,NUTS,2010,FR72,2,192.0
1993,NUTS,2010,FR72,2,204.0
1994,NUTS,2010,FR72,2,224.0
1995,NUTS,2010,FR72,2,259.0
1996,NUTS,2010,FR72,2,277.0
1997,NUTS,2010,FR72,2,1264.0
1998,NUTS,2010,FR72,2,1311.0
2000,NUTS,2010,FR72,2,1419.0
2001,NUTS,2010,FR72,2,1449.0
2002,NUTS,2010,FR72,2,1479.0
2003,NUTS,2010,FR72,2,1519.0
2004,NUTS,2010,FR72,2,1511.0
2006,NUTS,2010,FR72,2,1544.0
2007,NUTS,2010,FR72,2,1588.0
2008,NUTS,2010,FR72,2,1588.0
2009,NUTS,2010,FR72,2,1631.0
2010,NUTS,2010,FR72,2,1659.0
2011,NUTS,2010,FR72,2,1703.0
2012,NUTS,2010,FR72,2,1714.0
2013,NUTS,2010,FR72,2,1774.0
1991,NUTS,2010,FR8,1,3642.0
1992,NUTS,2010,FR8,1,3612.0
1993,NUTS,2010,FR8,1,3669.0
1994,NUTS,2010,FR8,1,3832.0
1995,NUTS,2010,FR8,1,3952.0
1996,NUTS,2010,FR8,1,3952.0
1997,NUTS,2010,FR8,1,9909.0
1998,NUTS,2010,FR8,1,10091.0
2000,NUTS,2010,FR8,1,10573.0
2001,NUTS,2010,FR8,1,11171.0
2002,NUTS,2010,FR8,1,11039.0
2003,NUTS,2010,FR8,1,11692.0
2004,NUTS,2010,FR8,1,11953.0
2006,NUTS,2010,FR8,1,12593.0
2007,NUTS,2010,FR8,1,12896.0
2008,NUTS,2010,FR8,1,12761.0
2009,NUTS,2010,FR8,1,13084.0
2010,NUTS,2010,FR8,1,13296.0
2011,NUTS,2010,FR8,1,13474.0
2012,NUTS,2010,FR8,1,13493.0
2013,NUTS,2010,FR8,1,13678.0
1991,NUTS,2010,FR81,2,1300.0
1992,NUTS,2010,FR81,2,1260.0
1993,NUTS,2010,FR81,2,1271.0
1994,NUTS,2010,FR81,2,1367.0
1995,NUTS,2010,FR81,2,1395.0
1996,NUTS,2010,FR81,2,1388.0
1997,NUTS,2010,FR81,2,3535.0
1998,NUTS,2010,FR81,2,3651.0
2000,NUTS,2010,FR81,2,3721.0
2001,NUTS,2010,FR81,2,3988.0
2002,NUTS,2010,FR81,2,4229.0
2003,NUTS,2010,FR81,2,4201.0
2004,NUTS,2010,FR81,2,4281.0
2006,NUTS,2010,FR81,2,4478.0
2007,NUTS,2010,FR81,2,4658.0
2008,NUTS,2010,FR81,2,4683.0
2009,NUTS,2010,FR81,2,4835.0
2010,NUTS,2010,FR81,2,4909.0
2011,NUTS,2010,FR81,2,4806.0
2012,NUTS,2010,FR81,2,5019.0
2013,NUTS,2010,FR81,2,5189.0
1991,NUTS,2010,FR82,2,2335.0
1992,NUTS,2010,FR82,2,2345.0
1993,NUTS,2010,FR82,2,2392.0
1994,NUTS,2010,FR82,2,2459.0
1995,NUTS,2010,FR82,2,2552.0
1996,NUTS,2010,FR82,2,2559.0
1997,NUTS,2010,FR82,2,6284.0
1998,NUTS,2010,FR82,2,6338.0
2000,NUTS,2010,FR82,2,6738.0
2001,NUTS,2010,FR82,2,7059.0
2002,NUTS,2010,FR82,2,6675.0
2003,NUTS,2010,FR82,2,7349.0
2004,NUTS,2010,FR82,2,7519.0
2006,NUTS,2010,FR82,2,7951.0
2007,NUTS,2010,FR82,2,8065.0
2008,NUTS,2010,FR82,2,7904.0
2009,NUTS,2010,FR82,2,8074.0
2010,NUTS,2010,FR82,2,8200.0
2011,NUTS,2010,FR82,2,8470.0
2012,NUTS,2010,FR82,2,8264.0
2013,NUTS,2010,FR82,2,8271.0
1991,NUTS,2010,FR83,2,7.0
1992,NUTS,2010,FR83,2,7.0
1993,NUTS,2010,FR83,2,6.0
1994,NUTS,2010,FR83,2,6.0
1995,NUTS,2010,FR83,2,5.0
1996,NUTS,2010,FR83,2,5.0
1997,NUTS,2010,FR83,2,90.0
1998,NUTS,2010,FR83,2,102.0
2000,NUTS,2010,FR83,2,114.0
2001,NUTS,2010,FR83,2,124.0
2002,NUTS,2010,FR83,2,136.0
2003,NUTS,2010,FR83,2,141.0
2004,NUTS,2010,FR83,2,153.0
2006,NUTS,2010,FR83,2,164.0
2007,NUTS,2010,FR83,2,173.0
2008,NUTS,2010,FR83,2,174.0
2009,NUTS,2010,FR83,2,176.0
2010,NUTS,2010,FR83,2,187.0
2011,NUTS,2010,FR83,2,198.0
2012,NUTS,2010,FR83,2,210.0
2013,NUTS,2010,FR83,2,217.0
1991,NUTS,2010,FRA,1,59.0
1992,NUTS,2010,FRA,1,11.0
1993,NUTS,2010,FRA,1,13.0
1994,NUTS,2010,FRA,1,14.0
1995,NUTS,2010,FRA,1,18.0
1996,NUTS,2010,FRA,1,15.0
1997,NUTS,2010,FRA,1,380.0
1998,NUTS,2010,FRA,1,413.0
2000,NUTS,2010,FRA,1,535.0
2001,NUTS,2010,FRA,1,644.0
2002,NUTS,2010,FRA,1,611.0
2003,NUTS,2010,FRA,1,685.0
2004,NUTS,2010,FRA,1,664.0
2006,NUTS,2010,FRA,1,742.0
2007,NUTS,2010,FRA,1,800.0
2008,NUTS,2010,FRA,1,833.0
2009,NUTS,2010,FRA,1,848.0
2010,NUTS,2010,FRA,1,835.0
2011,NUTS,2010,FRA,1,870.0
2012,NUTS,2010,FRA,1,815.0
2013,NUTS,2010,FRA,1,975.0
2002,NUTS,2010,FRZ,1,284.0
2003,NUTS,2010,FRZ,1,561.0
2004,NUTS,2010,FRZ,1,336.0
2006,NUTS,2010,FRZ,1,732.0
2007,NUTS,2010,FRZ,1,192.0
2008,NUTS,2010,FRZ,1,234.0
2009,NUTS,2010,FRZ,1,234.0
2010,NUTS,2010,FRZ,1,216.0
2011,NUTS,2010,FRZ,1,178.0
2012,NUTS,2010,FRZ,1,185.0
2013,NUTS,2010,FRZ,1,180.0
2002,NUTS,2010,FRZZ,2,284.0
2003,NUTS,2010,FRZZ,2,561.0
2004,NUTS,2010,FRZZ,2,336.0
2006,NUTS,2010,FRZZ,2,732.0
2007,NUTS,2010,FRZZ,2,192.0
2008,NUTS,2010,FRZZ,2,234.0
2009,NUTS,2010,FRZZ,2,234.0
2010,NUTS,2010,FRZZ,2,216.0
2011,NUTS,2010,FRZZ,2,178.0
2012,NUTS,2010,FRZZ,2,185.0
2013,NUTS,2010,FRZZ,2,180.0
2002,NUTS,2010,HR,0,7444.0
2003,NUTS,2010,HR,0,3708.0
2004,NUTS,2010,HR,0,4697.0
2005,NUTS,2010,HR,0,3981.0
2006,NUTS,2010,HR,0,4052.0
2007,NUTS,2010,HR,0,4384.0
2008,NUTS,2010,HR,0,4640.0
2009,NUTS,2010,HR,0,4501.0
2010,NUTS,2010,HR,0,4609.0
2011,NUTS,2010,HR,0,4466.0
2012,NUTS,2010,HR,0,4414.0
2013,NUTS,2010,HR,0,4486.0
2014,NUTS,2010,HR,0,4181.0
2015,NUTS,2010,HR,0,4669.0
2016,NUTS,2010,HR,0,5378.0
2017,NUTS,2010,HR,0,5354.0
2018,NUTS,2010,HR,0,5342.0
2019,NUTS,2010,HR,0,6052.0
2020,NUTS,2010,HR,0,6184.0
2002,NUTS,2010,HR0,1,7444.0
2003,NUTS,2010,HR0,1,3708.0
2004,NUTS,2010,HR0,1,4697.0
2005,NUTS,2010,HR0,1,3981.0
2006,NUTS,2010,HR0,1,4052.0
2007,NUTS,2010,HR0,1,4384.0
2008,NUTS,2010,HR0,1,4640.0
2009,NUTS,2010,HR0,1,4501.0
2010,NUTS,2010,HR0,1,4609.0
2011,NUTS,2010,HR0,1,4466.0
2012,NUTS,2010,HR0,1,4414.0
2013,NUTS,2010,HR0,1,4486.0
2014,NUTS,2010,HR0,1,4181.0
2015,NUTS,2010,HR0,1,4669.0
2016,NUTS,2010,HR0,1,5378.0
2017,NUTS,2010,HR0,1,5354.0
2018,NUTS,2010,HR0,1,5342.0
2019,NUTS,2010,HR0,1,6052.0
2020,NUTS,2010,HR0,1,6184.0
2008,NUTS,2010,HR02,2,479.0
2009,NUTS,2010,HR02,2,460.0
2010,NUTS,2010,HR02,2,419.0
2020,NUTS,2010,HR02,2,575.0
2008,NUTS,2010,HR03,2,1615.0
2009,NUTS,2010,HR03,2,1575.0
2010,NUTS,2010,HR03,2,1599.0
2011,NUTS,2010,HR03,2,1600.0
2012,NUTS,2010,HR03,2,1578.0
2013,NUTS,2010,HR03,2,1562.0
2014,NUTS,2010,HR03,2,1511.0
2015,NUTS,2010,HR03,2,1499.0
2016,NUTS,2010,HR03,2,1602.0
2017,NUTS,2010,HR03,2,1554.0
2018,NUTS,2010,HR03,2,1511.0
2019,NUTS,2010,HR03,2,1855.0
2020,NUTS,2010,HR03,2,1977.0
2008,NUTS,2010,HR04,2,3025.0
2009,NUTS,2010,HR04,2,2926.0
2010,NUTS,2010,HR04,2,3010.0
2011,NUTS,2010,HR04,2,2865.0
2012,NUTS,2010,HR04,2,2836.0
2013,NUTS,2010,HR04,2,2924.0
2014,NUTS,2010,HR04,2,2670.0
2015,NUTS,2010,HR04,2,3170.0
2016,NUTS,2010,HR04,2,3776.0
2017,NUTS,2010,HR04,2,3801.0
2018,NUTS,2010,HR04,2,3831.0
2019,NUTS,2010,HR04,2,4197.0
2020,NUTS,2010,HR05,2,3436.0
2020,NUTS,2010,HR06,2,197.0
2013,NUTS,2010,HRZ,1,0.0
2014,NUTS,2010,HRZ,1,0.0
2013,NUTS,2010,HRZZ,2,0.0
2014,NUTS,2010,HRZZ,2,0.0
1980,NUTS,2010,HU,0,4955.0
1981,NUTS,2010,HU,0,7521.0
1982,NUTS,2010,HU,0,7946.0
1983,NUTS,2010,HU,0,7743.0
1984,NUTS,2010,HU,0,7878.0
1985,NUTS,2010,HU,0,7980.0
1986,NUTS,2010,HU,0,7884.0
1987,NUTS,2010,HU,0,8022.0
1988,NUTS,2010,HU,0,8706.0
1989,NUTS,2010,HU,0,8669.0
1990,NUTS,2010,HU,0,8843.0
1991,NUTS,2010,HU,0,8458.0
1992,NUTS,2010,HU,0,7917.0
1993,NUTS,2010,HU,0,7776.0
1994,NUTS,2010,HU,0,7611.0
1995,NUTS,2010,HU,0,6310.0
1996,NUTS,2010,HU,0,6558.0
1997,NUTS,2010,HU,0,7210.0
1998,NUTS,2010,HU,0,7561.0
1999,NUTS,2010,HU,0,7452.0
2000,NUTS,2010,HU,0,8859.0
2001,NUTS,2010,HU,0,8397.0
2002,NUTS,2010,HU,0,8528.0
2003,NUTS,2010,HU,0,8272.0
2004,NUTS,2010,HU,0,8527.0
2005,NUTS,2010,HU,0,8194.0
2006,NUTS,2010,HU,0,8523.0
2007,NUTS,2010,HU,0,7778.0
2008,NUTS,2010,HU,0,7980.0
2009,NUTS,2010,HU,0,8372.0
2010,NUTS,2010,HU,0,8256.0
2011,NUTS,2010,HU,0,8260.0
2012,NUTS,2010,HU,0,8130.0
2013,NUTS,2010,HU,0,8154.0
2014,NUTS,2010,HU,0,7937.0
2015,NUTS,2010,HU,0,7706.0
2016,NUTS,2010,HU,0,7476.0
2017,NUTS,2010,HU,0,8442.0
2018,NUTS,2010,HU,0,12994.0
2019,NUTS,2010,HU,0,14111.0
2020,NUTS,2010,HU,0,14703.0
1999,NUTS,2010,HU1,1,3527.0
2000,NUTS,2010,HU1,1,4350.0
2001,NUTS,2010,HU1,1,3897.0
2002,NUTS,2010,HU1,1,3859.0
2003,NUTS,2010,HU1,1,3725.0
2004,NUTS,2010,HU1,1,3896.0
2005,NUTS,2010,HU1,1,3561.0
2006,NUTS,2010,HU1,1,3588.0
2007,NUTS,2010,HU1,1,3617.0
2008,NUTS,2010,HU1,1,3731.0
2009,NUTS,2010,HU1,1,3865.0
2010,NUTS,2010,HU1,1,3813.0
2011,NUTS,2010,HU1,1,3758.0
2012,NUTS,2010,HU1,1,3638.0
2013,NUTS,2010,HU1,1,3755.0
2014,NUTS,2010,HU1,1,3739.0
2015,NUTS,2010,HU1,1,3585.0
2016,NUTS,2010,HU1,1,3500.0
2017,NUTS,2010,HU1,1,3939.0
2018,NUTS,2010,HU1,1,6010.0
2019,NUTS,2010,HU1,1,6832.0
1999,NUTS,2010,HU10,2,3527.0
2000,NUTS,2010,HU10,2,4350.0
2001,NUTS,2010,HU10,2,3897.0
2002,NUTS,2010,HU10,2,3859.0
2003,NUTS,2010,HU10,2,3725.0
2004,NUTS,2010,HU10,2,3896.0
2005,NUTS,2010,HU10,2,3561.0
2006,NUTS,2010,HU10,2,3588.0
2007,NUTS,2010,HU10,2,3617.0
2008,NUTS,2010,HU10,2,3731.0
2009,NUTS,2010,HU10,2,3865.0
2010,NUTS,2010,HU10,2,3813.0
2011,NUTS,2010,HU10,2,3758.0
2012,NUTS,2010,HU10,2,3638.0
2013,NUTS,2010,HU10,2,3755.0
2014,NUTS,2010,HU10,2,3739.0
2015,NUTS,2010,HU10,2,3585.0
2016,NUTS,2010,HU10,2,3500.0
2017,NUTS,2010,HU11,2,3551.0
2018,NUTS,2010,HU11,2,5439.0
2019,NUTS,2010,HU11,2,6569.0
2017,NUTS,2010,HU12,2,388.0
2018,NUTS,2010,HU12,2,571.0
2019,NUTS,2010,HU12,2,263.0
1999,NUTS,2010,HU2,1,1431.0
2000,NUTS,2010,HU2,1,1788.0
2001,NUTS,2010,HU2,1,1772.0
2002,NUTS,2010,HU2,1,1763.0
2003,NUTS,2010,HU2,1,1713.0
2004,NUTS,2010,HU2,1,1929.0
2005,NUTS,2010,HU2,1,1849.0
2006,NUTS,2010,HU2,1,2132.0
2007,NUTS,2010,HU2,1,1415.0
2008,NUTS,2010,HU2,1,1434.0
2009,NUTS,2010,HU2,1,1464.0
2010,NUTS,2010,HU2,1,1528.0
2011,NUTS,2010,HU2,1,1594.0
2012,NUTS,2010,HU2,1,1626.0
2013,NUTS,2010,HU2,1,1422.0
2014,NUTS,2010,HU2,1,1287.0
2015,NUTS,2010,HU2,1,1215.0
2016,NUTS,2010,HU2,1,1147.0
2017,NUTS,2010,HU2,1,1506.0
2018,NUTS,2010,HU2,1,2890.0
2019,NUTS,2010,HU2,1,2693.0
1999,NUTS,2010,HU21,2,234.0
2000,NUTS,2010,HU21,2,538.0
2001,NUTS,2010,HU21,2,462.0
2002,NUTS,2010,HU21,2,516.0
2003,NUTS,2010,HU21,2,439.0
2004,NUTS,2010,HU21,2,546.0
2005,NUTS,2010,HU21,2,403.0
2006,NUTS,2010,HU21,2,408.0
2007,NUTS,2010,HU21,2,370.0
2008,NUTS,2010,HU21,2,363.0
2009,NUTS,2010,HU21,2,332.0
2010,NUTS,2010,HU21,2,324.0
2011,NUTS,2010,HU21,2,236.0
2012,NUTS,2010,HU21,2,296.0
2013,NUTS,2010,HU21,2,281.0
2014,NUTS,2010,HU21,2,269.0
2015,NUTS,2010,HU21,2,285.0
2016,NUTS,2010,HU21,2,254.0
2017,NUTS,2010,HU21,2,256.0
2018,NUTS,2010,HU21,2,317.0
2019,NUTS,2010,HU21,2,389.0
1999,NUTS,2010,HU22,2,574.0
2000,NUTS,2010,HU22,2,414.0
2001,NUTS,2010,HU22,2,510.0
2002,NUTS,2010,HU22,2,552.0
2003,NUTS,2010,HU22,2,526.0
2004,NUTS,2010,HU22,2,458.0
2005,NUTS,2010,HU22,2,437.0
2006,NUTS,2010,HU22,2,503.0
2007,NUTS,2010,HU22,2,455.0
2008,NUTS,2010,HU22,2,473.0
2009,NUTS,2010,HU22,2,499.0
2010,NUTS,2010,HU22,2,557.0
2011,NUTS,2010,HU22,2,544.0
2012,NUTS,2010,HU22,2,454.0
2013,NUTS,2010,HU22,2,517.0
2014,NUTS,2010,HU22,2,448.0
2015,NUTS,2010,HU22,2,413.0
2016,NUTS,2010,HU22,2,362.0
2017,NUTS,2010,HU22,2,475.0
2018,NUTS,2010,HU22,2,877.0
2019,NUTS,2010,HU22,2,894.0
1999,NUTS,2010,HU23,2,623.0
2000,NUTS,2010,HU23,2,836.0
2001,NUTS,2010,HU23,2,800.0
2002,NUTS,2010,HU23,2,695.0
2003,NUTS,2010,HU23,2,748.0
2004,NUTS,2010,HU23,2,925.0
2005,NUTS,2010,HU23,2,1009.0
2006,NUTS,2010,HU23,2,1221.0
2007,NUTS,2010,HU23,2,590.0
2008,NUTS,2010,HU23,2,598.0
2009,NUTS,2010,HU23,2,633.0
2010,NUTS,2010,HU23,2,647.0
2011,NUTS,2010,HU23,2,814.0
2012,NUTS,2010,HU23,2,876.0
2013,NUTS,2010,HU23,2,624.0
2014,NUTS,2010,HU23,2,570.0
2015,NUTS,2010,HU23,2,517.0
2016,NUTS,2010,HU23,2,531.0
2017,NUTS,2010,HU23,2,775.0
2018,NUTS,2010,HU23,2,1696.0
2019,NUTS,2010,HU23,2,1410.0
1999,NUTS,2010,HU3,1,2494.0
2000,NUTS,2010,HU3,1,2721.0
2001,NUTS,2010,HU3,1,2728.0
2002,NUTS,2010,HU3,1,2926.0
2003,NUTS,2010,HU3,1,2834.0
2004,NUTS,2010,HU3,1,2702.0
2005,NUTS,2010,HU3,1,2784.0
2006,NUTS,2010,HU3,1,2803.0
2007,NUTS,2010,HU3,1,2746.0
2008,NUTS,2010,HU3,1,2815.0
2009,NUTS,2010,HU3,1,3043.0
2010,NUTS,2010,HU3,1,2915.0
2011,NUTS,2010,HU3,1,2908.0
2012,NUTS,2010,HU3,1,2866.0
2013,NUTS,2010,HU3,1,2977.0
2014,NUTS,2010,HU3,1,2911.0
2015,NUTS,2010,HU3,1,2906.0
2016,NUTS,2010,HU3,1,2829.0
2017,NUTS,2010,HU3,1,2997.0
2018,NUTS,2010,HU3,1,4094.0
2019,NUTS,2010,HU3,1,4586.0
1999,NUTS,2010,HU31,2,423.0
2000,NUTS,2010,HU31,2,465.0
2001,NUTS,2010,HU31,2,508.0
2002,NUTS,2010,HU31,2,536.0
2003,NUTS,2010,HU31,2,523.0
2004,NUTS,2010,HU31,2,555.0
2005,NUTS,2010,HU31,2,541.0
2006,NUTS,2010,HU31,2,565.0
2007,NUTS,2010,HU31,2,535.0
2008,NUTS,2010,HU31,2,464.0
2009,NUTS,2010,HU31,2,516.0
2010,NUTS,2010,HU31,2,488.0
2011,NUTS,2010,HU31,2,461.0
2012,NUTS,2010,HU31,2,473.0
2013,NUTS,2010,HU31,2,435.0
2014,NUTS,2010,HU31,2,433.0
2015,NUTS,2010,HU31,2,440.0
2016,NUTS,2010,HU31,2,441.0
2017,NUTS,2010,HU31,2,496.0
2018,NUTS,2010,HU31,2,640.0
2019,NUTS,2010,HU31,2,775.0
1999,NUTS,2010,HU32,2,1096.0
2000,NUTS,2010,HU32,2,1319.0
2001,NUTS,2010,HU32,2,1281.0
2002,NUTS,2010,HU32,2,1344.0
2003,NUTS,2010,HU32,2,1392.0
2004,NUTS,2010,HU32,2,1232.0
2005,NUTS,2010,HU32,2,1267.0
2006,NUTS,2010,HU32,2,1251.0
2007,NUTS,2010,HU32,2,1307.0
2008,NUTS,2010,HU32,2,1296.0
2009,NUTS,2010,HU32,2,1349.0
2010,NUTS,2010,HU32,2,1229.0
2011,NUTS,2010,HU32,2,1202.0
2012,NUTS,2010,HU32,2,1191.0
2013,NUTS,2010,HU32,2,1228.0
2014,NUTS,2010,HU32,2,1132.0
2015,NUTS,2010,HU32,2,1077.0
2016,NUTS,2010,HU32,2,1125.0
2017,NUTS,2010,HU32,2,1244.0
2018,NUTS,2010,HU32,2,1708.0
2019,NUTS,2010,HU32,2,1883.0
1999,NUTS,2010,HU33,2,975.0
2000,NUTS,2010,HU33,2,937.0
2001,NUTS,2010,HU33,2,939.0
2002,NUTS,2010,HU33,2,1026.0
2003,NUTS,2010,HU33,2,919.0
2004,NUTS,2010,HU33,2,915.0
2005,NUTS,2010,HU33,2,976.0
2006,NUTS,2010,HU33,2,987.0
2007,NUTS,2010,HU33,2,904.0
2008,NUTS,2010,HU33,2,1055.0
2009,NUTS,2010,HU33,2,1178.0
2010,NUTS,2010,HU33,2,1198.0
2011,NUTS,2010,HU33,2,1245.0
2012,NUTS,2010,HU33,2,1202.0
2013,NUTS,2010,HU33,2,1314.0
2014,NUTS,2010,HU33,2,1346.0
2015,NUTS,2010,HU33,2,1389.0
2016,NUTS,2010,HU33,2,1263.0
2017,NUTS,2010,HU33,2,1257.0
2018,NUTS,2010,HU33,2,1746.0
2019,NUTS,2010,HU33,2,1928.0
1981,NUTS,2010,IE,0,1056.0
1982,NUTS,2010,IE,0,1120.0
1983,NUTS,2010,IE,0,1210.0
1984,NUTS,2010,IE,0,1326.0
1985,NUTS,2010,IE,0,1258.0
1986,NUTS,2010,IE,0,1179.0
1987,NUTS,2010,IE,0,1573.0
1988,NUTS,2010,IE,0,1831.0
1989,NUTS,2010,IE,0,2190.0
1990,NUTS,2010,IE,0,2549.0
1991,NUTS,2010,IE,0,2744.0
1992,NUTS,2010,IE,0,3010.0
1993,NUTS,2010,IE,0,2150.0
1994,NUTS,2010,IE,0,2127.0
1995,NUTS,2010,IE,0,2292.0
1996,NUTS,2010,IE,0,2469.0
1997,NUTS,2010,IE,0,2658.0
1998,NUTS,2010,IE,0,2847.0
1999,NUTS,2010,IE,0,2724.0
2000,NUTS,2010,IE,0,2602.0
2001,NUTS,2010,IE,0,2891.0
2002,NUTS,2010,IE,0,3178.0
2003,NUTS,2010,IE,0,4009.0
2004,NUTS,2010,IE,0,4841.0
2005,NUTS,2010,IE,0,5220.0
2006,NUTS,2010,IE,0,5612.0
2007,NUTS,2010,IE,0,6000.0
2008,NUTS,2010,IE,0,7141.0
2009,NUTS,2010,IE,0,6698.0
2010,NUTS,2010,IE,0,6501.0
2011,NUTS,2010,IE,0,6437.0
2012,NUTS,2010,IE,0,13050.0
2013,NUTS,2010,IE,0,13949.0
2014,NUTS,2010,IE,0,14847.0
2015,NUTS,2010,IE,0,12718.0
2016,NUTS,2010,IE,0,15178.0
2017,NUTS,2010,IE,0,13211.0
2018,NUTS,2010,IE,0,11243.0
2019,NUTS,2010,IE,0,11243.0
2020,NUTS,2010,IE,0,11243.0
1981,NUTS,2010,IE0,1,1056.0
1982,NUTS,2010,IE0,1,1120.0
1983,NUTS,2010,IE0,1,1210.0
1984,NUTS,2010,IE0,1,1326.0
1985,NUTS,2010,IE0,1,1258.0
1986,NUTS,2010,IE0,1,1179.0
1987,NUTS,2010,IE0,1,1573.0
1988,NUTS,2010,IE0,1,1831.0
1989,NUTS,2010,IE0,1,2190.0
1990,NUTS,2010,IE0,1,2549.0
1991,NUTS,2010,IE0,1,2744.0
1992,NUTS,2010,IE0,1,3010.0
1993,NUTS,2010,IE0,1,2150.0
1994,NUTS,2010,IE0,1,2127.0
1995,NUTS,2010,IE0,1,2292.0
1996,NUTS,2010,IE0,1,2469.0
1997,NUTS,2010,IE0,1,2658.0
1998,NUTS,2010,IE0,1,2847.0
1999,NUTS,2010,IE0,1,2724.0
2000,NUTS,2010,IE0,1,2602.0
2002,NUTS,2010,IE0,1,3178.0
2003,NUTS,2010,IE0,1,4009.0
2004,NUTS,2010,IE0,1,4841.0
2005,NUTS,2010,IE0,1,5226.0
2006,NUTS,2010,IE0,1,5612.0
2007,NUTS,2010,IE0,1,6000.0
2008,NUTS,2010,IE0,1,7141.0
2009,NUTS,2010,IE0,1,6698.0
2010,NUTS,2010,IE0,1,6501.0
2011,NUTS,2010,IE0,1,6437.0
2012,NUTS,2010,IE0,1,6373.0
2013,NUTS,2010,IE0,1,6208.0
2014,NUTS,2010,IE0,1,9866.0
2015,NUTS,2010,IE0,1,15356.0
2017,NUTS,2010,IE0,1,15178.0
2002,NUTS,2010,IE01,2,500.0
2003,NUTS,2010,IE01,2,610.0
2004,NUTS,2010,IE01,2,730.0
2005,NUTS,2010,IE01,2,939.0
2006,NUTS,2010,IE01,2,1147.0
2007,NUTS,2010,IE01,2,1230.0
2008,NUTS,2010,IE01,2,754.0
2009,NUTS,2010,IE01,2,821.0
2010,NUTS,2010,IE01,2,809.0
2011,NUTS,2010,IE01,2,901.0
2012,NUTS,2010,IE01,2,892.0
2013,NUTS,2010,IE01,2,869.0
2014,NUTS,2010,IE01,2,1381.0
2015,NUTS,2010,IE01,2,425.0
2017,NUTS,2010,IE01,2,3059.0
2002,NUTS,2010,IE02,2,2678.0
2003,NUTS,2010,IE02,2,3399.0
2004,NUTS,2010,IE02,2,4111.0
2005,NUTS,2010,IE02,2,4288.0
2006,NUTS,2010,IE02,2,4464.0
2007,NUTS,2010,IE02,2,4770.0
2008,NUTS,2010,IE02,2,6387.0
2009,NUTS,2010,IE02,2,5877.0
2010,NUTS,2010,IE02,2,5692.0
2011,NUTS,2010,IE02,2,5536.0
2012,NUTS,2010,IE02,2,5481.0
2013,NUTS,2010,IE02,2,5339.0
2014,NUTS,2010,IE02,2,8484.0
2015,NUTS,2010,IE02,2,14931.0
2017,NUTS,2010,IE02,2,12119.0
2002,NUTS,2010,IEZ,1,0.0
2003,NUTS,2010,IEZ,1,0.0
2004,NUTS,2010,IEZ,1,0.0
2005,NUTS,2010,IEZ,1,0.0
2006,NUTS,2010,IEZ,1,0.0
2007,NUTS,2010,IEZ,1,0.0
2008,NUTS,2010,IEZ,1,0.0
2009,NUTS,2010,IEZ,1,0.0
2010,NUTS,2010,IEZ,1,0.0
2011,NUTS,2010,IEZ,1,0.0
2012,NUTS,2010,IEZ,1,0.0
2013,NUTS,2010,IEZ,1,0.0
2002,NUTS,2010,IEZZ,2,0.0
2003,NUTS,2010,IEZZ,2,0.0
2004,NUTS,2010,IEZZ,2,0.0
2005,NUTS,2010,IEZZ,2,0.0
2006,NUTS,2010,IEZZ,2,0.0
2007,NUTS,2010,IEZZ,2,0.0
2008,NUTS,2010,IEZZ,2,0.0
2009,NUTS,2010,IEZZ,2,0.0
2010,NUTS,2010,IEZZ,2,0.0
2011,NUTS,2010,IEZZ,2,0.0
2012,NUTS,2010,IEZZ,2,0.0
2013,NUTS,2010,IEZZ,2,0.0
1981,NUTS,2010,IS,0,238.0
1983,NUTS,2010,IS,0,242.0
1985,NUTS,2010,IS,0,284.0
1987,NUTS,2010,IS,0,261.0
1989,NUTS,2010,IS,0,322.0
1990,NUTS,2010,IS,0,317.0
1991,NUTS,2010,IS,0,397.0
1992,NUTS,2010,IS,0,420.0
1993,NUTS,2010,IS,0,374.0
1994,NUTS,2010,IS,0,385.0
1995,NUTS,2010,IS,0,530.0
1996,NUTS,2010,IS,0,408.0
1997,NUTS,2010,IS,0,656.0
1998,NUTS,2010,IS,0,676.0
1999,NUTS,2010,IS,0,712.0
2000,NUTS,2010,IS,0,723.0
2001,NUTS,2010,IS,0,742.0
2002,NUTS,2010,IS,0,765.0
2003,NUTS,2010,IS,0,728.0
2005,NUTS,2010,IS,0,742.0
2006,NUTS,2010,IS,0,833.0
2007,NUTS,2010,IS,0,773.0
2008,NUTS,2010,IS,0,808.0
2009,NUTS,2010,IS,0,1119.0
2011,NUTS,2010,IS,0,1057.0
2013,NUTS,2010,IS,0,1211.0
2014,NUTS,2010,IS,0,1232.0
2015,NUTS,2010,IS,0,1062.0
2016,NUTS,2010,IS,0,1360.0
2017,NUTS,2010,IS,0,1096.0
2018,NUTS,2010,IS,0,1096.0
1981,NUTS,2010,IT,0,32125.0
1982,NUTS,2010,IT,0,34991.0
1983,NUTS,2010,IT,0,39368.0
1984,NUTS,2010,IT,0,36242.0
1985,NUTS,2010,IT,0,37022.0
1986,NUTS,2010,IT,0,39136.0
1987,NUTS,2010,IT,0,42943.0
1988,NUTS,2010,IT,0,43069.0
1989,NUTS,2010,IT,0,44042.0
1990,NUTS,2010,IT,0,44312.0
1991,NUTS,2010,IT,0,45593.0
1992,NUTS,2010,IT,0,46529.0
1993,NUTS,2010,IT,0,47014.0
1994,NUTS,2010,IT,0,47950.0
1995,NUTS,2010,IT,0,48427.0
1996,NUTS,2010,IT,0,49148.0
1997,NUTS,2010,IT,0,49031.0
1998,NUTS,2010,IT,0,52852.0
1999,NUTS,2010,IT,0,52025.0
2000,NUTS,2010,IT,0,54837.0
2001,NUTS,2010,IT,0,58869.0
2002,NUTS,2010,IT,0,60287.0
2003,NUTS,2010,IT,0,59406.0
2004,NUTS,2010,IT,0,60694.0
2005,NUTS,2010,IT,0,66976.0
2006,NUTS,2010,IT,0,67688.0
2007,NUTS,2010,IT,0,71063.0
2008,NUTS,2010,IT,0,72474.0
2009,NUTS,2010,IT,0,74949.0
2010,NUTS,2010,IT,0,72299.0
2011,NUTS,2010,IT,0,73723.0
2012,NUTS,2010,IT,0,76207.0
2013,NUTS,2010,IT,0,76986.0
2014,NUTS,2010,IT,0,75235.0
2015,NUTS,2010,IT,0,76858.0
2016,NUTS,2010,IT,0,80226.0
2017,NUTS,2010,IT,0,80358.0
2018,NUTS,2010,IT,0,81233.0
2019,NUTS,2010,IT,0,83776.0
2020,NUTS,2010,IT,0,82945.0
1994,NUTS,2010,ITC,1,9063.0
1995,NUTS,2010,ITC,1,9266.0
1996,NUTS,2010,ITC,1,9550.0
2000,NUTS,2010,ITC,1,13897.0
2003,NUTS,2010,ITC,1,11720.0
2004,NUTS,2010,ITC,1,11882.0
2005,NUTS,2010,ITC,1,13998.0
2007,NUTS,2010,ITC,1,15189.0
2008,NUTS,2010,ITC,1,17612.0
2009,NUTS,2010,ITC,1,18986.0
2010,NUTS,2010,ITC,1,18799.0
2011,NUTS,2010,ITC,1,19584.0
2012,NUTS,2010,ITC,1,19999.0
2013,NUTS,2010,ITC,1,19178.0
2014,NUTS,2010,ITC,1,17142.0
2015,NUTS,2010,ITC,1,18459.0
2016,NUTS,2010,ITC,1,19392.0
2017,NUTS,2010,ITC,1,19846.0
2018,NUTS,2010,ITC,1,20158.0
2019,NUTS,2010,ITC,1,20441.0
1994,NUTS,2010,ITC1,2,2314.0
1995,NUTS,2010,ITC1,2,2352.0
1996,NUTS,2010,ITC1,2,2456.0
2000,NUTS,2010,ITC1,2,2581.0
2003,NUTS,2010,ITC1,2,3287.0
2004,NUTS,2010,ITC1,2,3287.0
2005,NUTS,2010,ITC1,2,3807.0
2007,NUTS,2010,ITC1,2,4710.0
2008,NUTS,2010,ITC1,2,4724.0
2009,NUTS,2010,ITC1,2,5033.0
2010,NUTS,2010,ITC1,2,4888.0
2011,NUTS,2010,ITC1,2,4557.0
2012,NUTS,2010,ITC1,2,4886.0
2013,NUTS,2010,ITC1,2,5251.0
2014,NUTS,2010,ITC1,2,4426.0
2015,NUTS,2010,ITC1,2,5378.0
2016,NUTS,2010,ITC1,2,4769.0
2017,NUTS,2010,ITC1,2,4847.0
2018,NUTS,2010,ITC1,2,4943.0
2019,NUTS,2010,ITC1,2,4982.0
2003,NUTS,2010,ITC2,2,23.0
2004,NUTS,2010,ITC2,2,28.0
2005,NUTS,2010,ITC2,2,32.0
2007,NUTS,2010,ITC2,2,31.0
2008,NUTS,2010,ITC2,2,33.0
2009,NUTS,2010,ITC2,2,42.0
2010,NUTS,2010,ITC2,2,39.0
2011,NUTS,2010,ITC2,2,43.0
2012,NUTS,2010,ITC2,2,44.0
2013,NUTS,2010,ITC2,2,71.0
2014,NUTS,2010,ITC2,2,79.0
2015,NUTS,2010,ITC2,2,51.0
2016,NUTS,2010,ITC2,2,65.0
2017,NUTS,2010,ITC2,2,68.0
2018,NUTS,2010,ITC2,2,60.0
2019,NUTS,2010,ITC2,2,57.0
1994,NUTS,2010,ITC3,2,1533.0
1995,NUTS,2010,ITC3,2,1570.0
1996,NUTS,2010,ITC3,2,1591.0
2000,NUTS,2010,ITC3,2,1450.0
2003,NUTS,2010,ITC3,2,1498.0
2004,NUTS,2010,ITC3,2,1477.0
2005,NUTS,2010,ITC3,2,1684.0
2007,NUTS,2010,ITC3,2,1634.0
2008,NUTS,2010,ITC3,2,1973.0
2009,NUTS,2010,ITC3,2,2501.0
2010,NUTS,2010,ITC3,2,2506.0
2011,NUTS,2010,ITC3,2,2647.0
2012,NUTS,2010,ITC3,2,2564.0
2013,NUTS,2010,ITC3,2,2702.0
2014,NUTS,2010,ITC3,2,2063.0
2015,NUTS,2010,ITC3,2,2258.0
2016,NUTS,2010,ITC3,2,2020.0
2017,NUTS,2010,ITC3,2,2081.0
2018,NUTS,2010,ITC3,2,1845.0
2019,NUTS,2010,ITC3,2,1962.0
1994,NUTS,2010,ITC4,2,5216.0
1995,NUTS,2010,ITC4,2,5344.0
1996,NUTS,2010,ITC4,2,5503.0
2000,NUTS,2010,ITC4,2,9866.0
2003,NUTS,2010,ITC4,2,6912.0
2004,NUTS,2010,ITC4,2,7090.0
2005,NUTS,2010,ITC4,2,8474.0
2007,NUTS,2010,ITC4,2,8814.0
2008,NUTS,2010,ITC4,2,10882.0
2009,NUTS,2010,ITC4,2,11411.0
2010,NUTS,2010,ITC4,2,11367.0
2011,NUTS,2010,ITC4,2,12337.0
2012,NUTS,2010,ITC4,2,12506.0
2013,NUTS,2010,ITC4,2,11154.0
2014,NUTS,2010,ITC4,2,10573.0
2015,NUTS,2010,ITC4,2,10771.0
2016,NUTS,2010,ITC4,2,12538.0
2017,NUTS,2010,ITC4,2,12850.0
2018,NUTS,2010,ITC4,2,13311.0
2019,NUTS,2010,ITC4,2,13441.0
1994,NUTS,2010,ITF,1,9709.0
1995,NUTS,2010,ITF,1,9006.0
1996,NUTS,2010,ITF,1,9725.0
2000,NUTS,2010,ITF,1,11180.0
2003,NUTS,2010,ITF,1,12565.0
2004,NUTS,2010,ITF,1,12768.0
2005,NUTS,2010,ITF,1,13582.0
2007,NUTS,2010,ITF,1,14586.0
2008,NUTS,2010,ITF,1,14807.0
2009,NUTS,2010,ITF,1,14577.0
2010,NUTS,2010,ITF,1,13622.0
2011,NUTS,2010,ITF,1,13346.0
2012,NUTS,2010,ITF,1,13767.0
2013,NUTS,2010,ITF,1,14025.0
2014,NUTS,2010,ITF,1,14402.0
2015,NUTS,2010,ITF,1,14595.0
2016,NUTS,2010,ITF,1,14967.0
2017,NUTS,2010,ITF,1,14854.0
2018,NUTS,2010,ITF,1,14398.0
2019,NUTS,2010,ITF,1,14814.0
1994,NUTS,2010,ITF1,2,1019.0
1995,NUTS,2010,ITF1,2,1050.0
1996,NUTS,2010,ITF1,2,1116.0
2000,NUTS,2010,ITF1,2,1167.0
2003,NUTS,2010,ITF1,2,1358.0
2004,NUTS,2010,ITF1,2,1391.0
2005,NUTS,2010,ITF1,2,1432.0
2007,NUTS,2010,ITF1,2,1487.0
2008,NUTS,2010,ITF1,2,1469.0
2009,NUTS,2010,ITF1,2,1514.0
2010,NUTS,2010,ITF1,2,1515.0
2011,NUTS,2010,ITF1,2,1516.0
2012,NUTS,2010,ITF1,2,1597.0
2013,NUTS,2010,ITF1,2,1578.0
2014,NUTS,2010,ITF1,2,1461.0
2015,NUTS,2010,ITF1,2,1781.0
2016,NUTS,2010,ITF1,2,1845.0
2017,NUTS,2010,ITF1,2,2002.0
2018,NUTS,2010,ITF1,2,1781.0
2019,NUTS,2010,ITF1,2,1874.0
1994,NUTS,2010,ITF2,2,127.0
1995,NUTS,2010,ITF2,2,132.0
1996,NUTS,2010,ITF2,2,140.0
2000,NUTS,2010,ITF2,2,193.0
2003,NUTS,2010,ITF2,2,246.0
2004,NUTS,2010,ITF2,2,251.0
2005,NUTS,2010,ITF2,2,283.0
2007,NUTS,2010,ITF2,2,301.0
2008,NUTS,2010,ITF2,2,289.0
2009,NUTS,2010,ITF2,2,327.0
2015,NUTS,2010,ITF2,2,392.0
2016,NUTS,2010,ITF2,2,358.0
2017,NUTS,2010,ITF2,2,342.0
2018,NUTS,2010,ITF2,2,336.0
2019,NUTS,2010,ITF2,2,319.0
1994,NUTS,2010,ITF3,2,5430.0
1995,NUTS,2010,ITF3,2,4607.0
1996,NUTS,2010,ITF3,2,5155.0
2000,NUTS,2010,ITF3,2,6213.0
2003,NUTS,2010,ITF3,2,6280.0
2004,NUTS,2010,ITF3,2,6247.0
2005,NUTS,2010,ITF3,2,6381.0
2007,NUTS,2010,ITF3,2,6366.0
2008,NUTS,2010,ITF3,2,7125.0
2009,NUTS,2010,ITF3,2,7037.0
2010,NUTS,2010,ITF3,2,6292.0
2011,NUTS,2010,ITF3,2,6153.0
2012,NUTS,2010,ITF3,2,6333.0
2013,NUTS,2010,ITF3,2,6578.0
2014,NUTS,2010,ITF3,2,6775.0
2015,NUTS,2010,ITF3,2,6628.0
2016,NUTS,2010,ITF3,2,7206.0
2017,NUTS,2010,ITF3,2,7000.0
2018,NUTS,2010,ITF3,2,6766.0
2019,NUTS,2010,ITF3,2,7119.0
1994,NUTS,2010,ITF4,2,2114.0
1995,NUTS,2010,ITF4,2,2202.0
1996,NUTS,2010,ITF4,2,2261.0
2000,NUTS,2010,ITF4,2,2377.0
2003,NUTS,2010,ITF4,2,3162.0
2004,NUTS,2010,ITF4,2,3329.0
2005,NUTS,2010,ITF4,2,3715.0
2007,NUTS,2010,ITF4,2,4557.0
2008,NUTS,2010,ITF4,2,4096.0
2009,NUTS,2010,ITF4,2,3979.0
2010,NUTS,2010,ITF4,2,3750.0
2011,NUTS,2010,ITF4,2,3652.0
2012,NUTS,2010,ITF4,2,3693.0
2013,NUTS,2010,ITF4,2,3405.0
2014,NUTS,2010,ITF4,2,3694.0
2015,NUTS,2010,ITF4,2,3563.0
2016,NUTS,2010,ITF4,2,3598.0
2017,NUTS,2010,ITF4,2,3574.0
2018,NUTS,2010,ITF4,2,3416.0
2019,NUTS,2010,ITF4,2,3429.0
1994,NUTS,2010,ITF5,2,240.0
1995,NUTS,2010,ITF5,2,248.0
1996,NUTS,2010,ITF5,2,265.0
2000,NUTS,2010,ITF5,2,314.0
2003,NUTS,2010,ITF5,2,391.0
2004,NUTS,2010,ITF5,2,375.0
2005,NUTS,2010,ITF5,2,410.0
2007,NUTS,2010,ITF5,2,478.0
2008,NUTS,2010,ITF5,2,422.0
2009,NUTS,2010,ITF5,2,382.0
2012,NUTS,2010,ITF5,2,405.0
2015,NUTS,2010,ITF5,2,446.0
2016,NUTS,2010,ITF5,2,370.0
2017,NUTS,2010,ITF5,2,403.0
2018,NUTS,2010,ITF5,2,383.0
2019,NUTS,2010,ITF5,2,414.0
1994,NUTS,2010,ITF6,2,779.0
1995,NUTS,2010,ITF6,2,767.0
1996,NUTS,2010,ITF6,2,788.0
2000,NUTS,2010,ITF6,2,916.0
2003,NUTS,2010,ITF6,2,1128.0
2004,NUTS,2010,ITF6,2,1175.0
2005,NUTS,2010,ITF6,2,1361.0
2007,NUTS,2010,ITF6,2,1397.0
2008,NUTS,2010,ITF6,2,1406.0
2009,NUTS,2010,ITF6,2,1338.0
2010,NUTS,2010,ITF6,2,1373.0
2011,NUTS,2010,ITF6,2,1319.0
2015,NUTS,2010,ITF6,2,1786.0
2016,NUTS,2010,ITF6,2,1590.0
2017,NUTS,2010,ITF6,2,1534.0
2018,NUTS,2010,ITF6,2,1716.0
2019,NUTS,2010,ITF6,2,1660.0
1994,NUTS,2010,ITG,1,6134.0
1995,NUTS,2010,ITG,1,6106.0
1996,NUTS,2010,ITG,1,6305.0
2000,NUTS,2010,ITG,1,6208.0
2003,NUTS,2010,ITG,1,6915.0
2004,NUTS,2010,ITG,1,7069.0
2005,NUTS,2010,ITG,1,7727.0
2007,NUTS,2010,ITG,1,7778.0
2008,NUTS,2010,ITG,1,7596.0
2009,NUTS,2010,ITG,1,7659.0
2010,NUTS,2010,ITG,1,7041.0
2011,NUTS,2010,ITG,1,6775.0
2012,NUTS,2010,ITG,1,6825.0
2013,NUTS,2010,ITG,1,6982.0
2014,NUTS,2010,ITG,1,7046.0
2015,NUTS,2010,ITG,1,7491.0
2016,NUTS,2010,ITG,1,6626.0
2017,NUTS,2010,ITG,1,6243.0
2018,NUTS,2010,ITG,1,6183.0
2019,NUTS,2010,ITG,1,6478.0
1994,NUTS,2010,ITG1,2,4456.0
1995,NUTS,2010,ITG1,2,4307.0
1996,NUTS,2010,ITG1,2,4603.0
2000,NUTS,2010,ITG1,2,4515.0
2003,NUTS,2010,ITG1,2,5075.0
2004,NUTS,2010,ITG1,2,5248.0
2005,NUTS,2010,ITG1,2,5759.0
2007,NUTS,2010,ITG1,2,5691.0
2008,NUTS,2010,ITG1,2,5359.0
2009,NUTS,2010,ITG1,2,5392.0
2010,NUTS,2010,ITG1,2,4757.0
2011,NUTS,2010,ITG1,2,4554.0
2012,NUTS,2010,ITG1,2,4436.0
2013,NUTS,2010,ITG1,2,4627.0
2014,NUTS,2010,ITG1,2,4748.0
2015,NUTS,2010,ITG1,2,4767.0
2016,NUTS,2010,ITG1,2,4577.0
2017,NUTS,2010,ITG1,2,4193.0
2018,NUTS,2010,ITG1,2,4113.0
2019,NUTS,2010,ITG1,2,4203.0
1994,NUTS,2010,ITG2,2,1678.0
1995,NUTS,2010,ITG2,2,1799.0
1996,NUTS,2010,ITG2,2,1702.0
2000,NUTS,2010,ITG2,2,1693.0
2003,NUTS,2010,ITG2,2,1840.0
2004,NUTS,2010,ITG2,2,1821.0
2005,NUTS,2010,ITG2,2,1968.0
2007,NUTS,2010,ITG2,2,2086.0
2008,NUTS,2010,ITG2,2,2237.0
2009,NUTS,2010,ITG2,2,2267.0
2010,NUTS,2010,ITG2,2,2285.0
2011,NUTS,2010,ITG2,2,2221.0
2012,NUTS,2010,ITG2,2,2389.0
2013,NUTS,2010,ITG2,2,2354.0
2014,NUTS,2010,ITG2,2,2298.0
2015,NUTS,2010,ITG2,2,2724.0
2016,NUTS,2010,ITG2,2,2049.0
2017,NUTS,2010,ITG2,2,2051.0
2018,NUTS,2010,ITG2,2,2070.0
2019,NUTS,2010,ITG2,2,2276.0
1994,NUTS,2010,ITH,1,8698.0
1995,NUTS,2010,ITH,1,8871.0
1996,NUTS,2010,ITH,1,8903.0
2000,NUTS,2010,ITH,1,9731.0
2003,NUTS,2010,ITH,1,11675.0
2004,NUTS,2010,ITH,1,11809.0
2005,NUTS,2010,ITH,1,13306.0
2007,NUTS,2010,ITH,1,14525.0
2008,NUTS,2010,ITH,1,13933.0
2009,NUTS,2010,ITH,1,14727.0
2010,NUTS,2010,ITH,1,14742.0
2011,NUTS,2010,ITH,1,15516.0
2012,NUTS,2010,ITH,1,16490.0
2013,NUTS,2010,ITH,1,17161.0
2014,NUTS,2010,ITH,1,16807.0
2015,NUTS,2010,ITH,1,16417.0
2016,NUTS,2010,ITH,1,19025.0
2017,NUTS,2010,ITH,1,19330.0
2018,NUTS,2010,ITH,1,20414.0
2019,NUTS,2010,ITH,1,21081.0
2003,NUTS,2010,ITH1,2,81.0
2004,NUTS,2010,ITH1,2,87.0
2005,NUTS,2010,ITH1,2,101.0
2007,NUTS,2010,ITH1,2,99.0
2008,NUTS,2010,ITH1,2,124.0
2009,NUTS,2010,ITH1,2,121.0
2010,NUTS,2010,ITH1,2,132.0
2011,NUTS,2010,ITH1,2,155.0
2012,NUTS,2010,ITH1,2,176.0
2013,NUTS,2010,ITH1,2,237.0
2014,NUTS,2010,ITH1,2,259.0
2015,NUTS,2010,ITH1,2,207.0
2016,NUTS,2010,ITH1,2,434.0
2017,NUTS,2010,ITH1,2,453.0
2018,NUTS,2010,ITH1,2,478.0
2019,NUTS,2010,ITH1,2,510.0
2003,NUTS,2010,ITH2,2,534.0
2004,NUTS,2010,ITH2,2,559.0
2005,NUTS,2010,ITH2,2,629.0
2007,NUTS,2010,ITH2,2,672.0
2008,NUTS,2010,ITH2,2,710.0
2009,NUTS,2010,ITH2,2,731.0
2010,NUTS,2010,ITH2,2,718.0
2011,NUTS,2010,ITH2,2,794.0
2012,NUTS,2010,ITH2,2,883.0
2013,NUTS,2010,ITH2,2,993.0
2014,NUTS,2010,ITH2,2,1019.0
2015,NUTS,2010,ITH2,2,1147.0
2016,NUTS,2010,ITH2,2,1308.0
2017,NUTS,2010,ITH2,2,1288.0
2018,NUTS,2010,ITH2,2,1340.0
2019,NUTS,2010,ITH2,2,1428.0
1994,NUTS,2010,ITH3,2,2762.0
1995,NUTS,2010,ITH3,2,2779.0
1996,NUTS,2010,ITH3,2,2678.0
2000,NUTS,2010,ITH3,2,3117.0
2003,NUTS,2010,ITH3,2,3785.0
2004,NUTS,2010,ITH3,2,3840.0
2005,NUTS,2010,ITH3,2,4117.0
2007,NUTS,2010,ITH3,2,4698.0
2008,NUTS,2010,ITH3,2,4521.0
2009,NUTS,2010,ITH3,2,5048.0
2010,NUTS,2010,ITH3,2,5137.0
2011,NUTS,2010,ITH3,2,5453.0
2012,NUTS,2010,ITH3,2,5920.0
2013,NUTS,2010,ITH3,2,6110.0
2014,NUTS,2010,ITH3,2,5833.0
2015,NUTS,2010,ITH3,2,6180.0
2016,NUTS,2010,ITH3,2,7331.0
2017,NUTS,2010,ITH3,2,7488.0
2018,NUTS,2010,ITH3,2,8207.0
2019,NUTS,2010,ITH3,2,8485.0
1994,NUTS,2010,ITH4,2,1203.0
1995,NUTS,2010,ITH4,2,1242.0
1996,NUTS,2010,ITH4,2,1277.0
2000,NUTS,2010,ITH4,2,1426.0
2003,NUTS,2010,ITH4,2,1884.0
2004,NUTS,2010,ITH4,2,1918.0
2005,NUTS,2010,ITH4,2,2140.0
2007,NUTS,2010,ITH4,2,2081.0
2008,NUTS,2010,ITH4,2,1921.0
2009,NUTS,2010,ITH4,2,2042.0
2010,NUTS,2010,ITH4,2,1994.0
2011,NUTS,2010,ITH4,2,2014.0
2012,NUTS,2010,ITH4,2,2124.0
2013,NUTS,2010,ITH4,2,2085.0
2014,NUTS,2010,ITH4,2,1960.0
2015,NUTS,2010,ITH4,2,2159.0
2016,NUTS,2010,ITH4,2,2119.0
2017,NUTS,2010,ITH4,2,2202.0
2018,NUTS,2010,ITH4,2,2295.0
2019,NUTS,2010,ITH4,2,2248.0
1994,NUTS,2010,ITH5,2,4347.0
1995,NUTS,2010,ITH5,2,4460.0
1996,NUTS,2010,ITH5,2,4533.0
2000,NUTS,2010,ITH5,2,4746.0
2003,NUTS,2010,ITH5,2,5391.0
2004,NUTS,2010,ITH5,2,5405.0
2005,NUTS,2010,ITH5,2,6319.0
2007,NUTS,2010,ITH5,2,6976.0
2008,NUTS,2010,ITH5,2,6658.0
2009,NUTS,2010,ITH5,2,6785.0
2010,NUTS,2010,ITH5,2,6760.0
2011,NUTS,2010,ITH5,2,7102.0
2012,NUTS,2010,ITH5,2,7387.0
2013,NUTS,2010,ITH5,2,7735.0
2014,NUTS,2010,ITH5,2,7736.0
2015,NUTS,2010,ITH5,2,6725.0
2016,NUTS,2010,ITH5,2,7834.0
2017,NUTS,2010,ITH5,2,7900.0
2018,NUTS,2010,ITH5,2,8094.0
2019,NUTS,2010,ITH5,2,8411.0
1994,NUTS,2010,ITI,1,14346.0
1995,NUTS,2010,ITI,1,15178.0
1996,NUTS,2010,ITI,1,14665.0
2000,NUTS,2010,ITI,1,13821.0
2003,NUTS,2010,ITI,1,16531.0
2004,NUTS,2010,ITI,1,17166.0
2005,NUTS,2010,ITI,1,18362.0
2007,NUTS,2010,ITI,1,18985.0
2008,NUTS,2010,ITI,1,18527.0
2009,NUTS,2010,ITI,1,19001.0
2010,NUTS,2010,ITI,1,18095.0
2011,NUTS,2010,ITI,1,18502.0
2012,NUTS,2010,ITI,1,19126.0
2013,NUTS,2010,ITI,1,19640.0
2014,NUTS,2010,ITI,1,19838.0
2015,NUTS,2010,ITI,1,19897.0
2016,NUTS,2010,ITI,1,20217.0
2017,NUTS,2010,ITI,1,20085.0
2018,NUTS,2010,ITI,1,20080.0
2019,NUTS,2010,ITI,1,20963.0
1994,NUTS,2010,ITI1,2,4518.0
1995,NUTS,2010,ITI1,2,4663.0
1996,NUTS,2010,ITI1,2,4868.0
2000,NUTS,2010,ITI1,2,4763.0
2003,NUTS,2010,ITI1,2,5380.0
2004,NUTS,2010,ITI1,2,5433.0
2005,NUTS,2010,ITI1,2,6441.0
2007,NUTS,2010,ITI1,2,7074.0
2008,NUTS,2010,ITI1,2,7537.0
2009,NUTS,2010,ITI1,2,7550.0
2010,NUTS,2010,ITI1,2,6898.0
2011,NUTS,2010,ITI1,2,7039.0
2012,NUTS,2010,ITI1,2,7392.0
2013,NUTS,2010,ITI1,2,7115.0
2014,NUTS,2010,ITI1,2,7649.0
2015,NUTS,2010,ITI1,2,7051.0
2016,NUTS,2010,ITI1,2,7065.0
2017,NUTS,2010,ITI1,2,7259.0
2018,NUTS,2010,ITI1,2,7657.0
2019,NUTS,2010,ITI1,2,7682.0
1994,NUTS,2010,ITI2,2,1284.0
1995,NUTS,2010,ITI2,2,1164.0
1996,NUTS,2010,ITI2,2,1431.0
2000,NUTS,2010,ITI2,2,1387.0
2003,NUTS,2010,ITI2,2,1591.0
2004,NUTS,2010,ITI2,2,1706.0
2005,NUTS,2010,ITI2,2,1768.0
2007,NUTS,2010,ITI2,2,1794.0
2008,NUTS,2010,ITI2,2,1673.0
2009,NUTS,2010,ITI2,2,1654.0
2010,NUTS,2010,ITI2,2,1535.0
2011,NUTS,2010,ITI2,2,1642.0
2012,NUTS,2010,ITI2,2,1619.0
2013,NUTS,2010,ITI2,2,1615.0
2014,NUTS,2010,ITI2,2,1627.0
2015,NUTS,2010,ITI2,2,1785.0
2016,NUTS,2010,ITI2,2,1634.0
2017,NUTS,2010,ITI2,2,1556.0
2018,NUTS,2010,ITI2,2,1636.0
2019,NUTS,2010,ITI2,2,1605.0
1994,NUTS,2010,ITI3,2,1127.0
1995,NUTS,2010,ITI3,2,1369.0
1996,NUTS,2010,ITI3,2,1231.0
2000,NUTS,2010,ITI3,2,1806.0
2003,NUTS,2010,ITI3,2,1348.0
2004,NUTS,2010,ITI3,2,1362.0
2005,NUTS,2010,ITI3,2,1663.0
2007,NUTS,2010,ITI3,2,1887.0
2008,NUTS,2010,ITI3,2,1844.0
2009,NUTS,2010,ITI3,2,1889.0
2010,NUTS,2010,ITI3,2,1821.0
2011,NUTS,2010,ITI3,2,1812.0
2012,NUTS,2010,ITI3,2,1851.0
2013,NUTS,2010,ITI3,2,1908.0
2014,NUTS,2010,ITI3,2,1820.0
2015,NUTS,2010,ITI3,2,1958.0
2016,NUTS,2010,ITI3,2,2056.0
2017,NUTS,2010,ITI3,2,2238.0
2018,NUTS,2010,ITI3,2,1971.0
2019,NUTS,2010,ITI3,2,2096.0
1994,NUTS,2010,ITI4,2,7417.0
1995,NUTS,2010,ITI4,2,7982.0
1996,NUTS,2010,ITI4,2,7135.0
2000,NUTS,2010,ITI4,2,5865.0
2003,NUTS,2010,ITI4,2,8212.0
2004,NUTS,2010,ITI4,2,8665.0
2005,NUTS,2010,ITI4,2,8491.0
2007,NUTS,2010,ITI4,2,8231.0
2008,NUTS,2010,ITI4,2,7474.0
2009,NUTS,2010,ITI4,2,7908.0
2010,NUTS,2010,ITI4,2,7840.0
2011,NUTS,2010,ITI4,2,8009.0
2012,NUTS,2010,ITI4,2,8264.0
2013,NUTS,2010,ITI4,2,9002.0
2014,NUTS,2010,ITI4,2,8742.0
2015,NUTS,2010,ITI4,2,9103.0
2016,NUTS,2010,ITI4,2,9462.0
2017,NUTS,2010,ITI4,2,9032.0
2018,NUTS,2010,ITI4,2,8816.0
2019,NUTS,2010,ITI4,2,9581.0
1980,NUTS,2010,JP,0,212362.0
1981,NUTS,2010,JP,0,214077.0
1982,NUTS,2010,JP,0,222565.0
1983,NUTS,2010,JP,0,228331.0
1984,NUTS,2010,JP,0,232419.0
1985,NUTS,2010,JP,0,237148.0
1986,NUTS,2010,JP,0,240206.0
1987,NUTS,2010,JP,0,245977.0
1988,NUTS,2010,JP,0,250430.0
1989,NUTS,2010,JP,0,255487.0
1990,NUTS,2010,JP,0,259417.0
1991,NUTS,2010,JP,0,264055.0
1992,NUTS,2010,JP,0,271509.0
1993,NUTS,2010,JP,0,279046.0
1994,NUTS,2010,JP,0,284243.0
1995,NUTS,2010,JP,0,290549.0
1996,NUTS,2010,JP,0,217558.0
1997,NUTS,2010,JP,0,222285.0
1998,NUTS,2010,JP,0,225179.0
1999,NUTS,2010,JP,0,227562.0
2000,NUTS,2010,JP,0,227882.0
2001,NUTS,2010,JP,0,227339.0
2002,NUTS,2010,JP,0,197195.0
2003,NUTS,2010,JP,0,201088.0
2004,NUTS,2010,JP,0,208089.0
2005,NUTS,2010,JP,0,209734.0
2006,NUTS,2010,JP,0,214006.0
2007,NUTS,2010,JP,0,215269.0
2008,NUTS,2010,JP,0,181946.0
2009,NUTS,2010,JP,0,184951.0
2010,NUTS,2010,JP,0,188324.0
2011,NUTS,2010,JP,0,192265.0
2012,NUTS,2010,JP,0,195043.0
2013,NUTS,2010,JP,0,207766.0
2014,NUTS,2010,JP,0,209101.0
2015,NUTS,2010,JP,0,208579.0
2016,NUTS,2010,JP,0,210683.0
2017,NUTS,2010,JP,0,212212.0
2018,NUTS,2010,JP,0,210100.0
2019,NUTS,2010,JP,0,211602.0
1995,NUTS,2010,KR,0,31511.0
1996,NUTS,2010,KR,0,28274.0
1997,NUTS,2010,KR,0,28546.0
1998,NUTS,2010,KR,0,34753.0
1999,NUTS,2010,KR,0,36534.0
2000,NUTS,2010,KR,0,36209.0
2001,NUTS,2010,KR,0,32442.0
2002,NUTS,2010,KR,0,35493.0
2003,NUTS,2010,KR,0,40719.0
2004,NUTS,2010,KR,0,41078.0
2005,NUTS,2010,KR,0,42157.0
2006,NUTS,2010,KR,0,44150.0
2007,NUTS,2010,KR,0,60656.0
2008,NUTS,2010,KR,0,60372.0
2009,NUTS,2010,KR,0,66779.0
2010,NUTS,2010,KR,0,73511.0
2011,NUTS,2010,KR,0,73468.0
2012,NUTS,2010,KR,0,77099.0
2013,NUTS,2010,KR,0,73196.0
2014,NUTS,2010,KR,0,74861.0
2015,NUTS,2010,KR,0,72745.0
2016,NUTS,2010,KR,0,72482.0
2017,NUTS,2010,KR,0,70037.0
2018,NUTS,2010,KR,0,71333.0
2019,NUTS,2010,KR,0,71727.0
1996,NUTS,2010,LT,0,6192.0
1997,NUTS,2010,LT,0,6020.0
1998,NUTS,2010,LT,0,6659.0
1999,NUTS,2010,LT,0,6827.0
2000,NUTS,2010,LT,0,6248.0
2001,NUTS,2010,LT,0,6615.0
2002,NUTS,2010,LT,0,5712.0
2003,NUTS,2010,LT,0,5827.0
2004,NUTS,2010,LT,0,6535.0
2005,NUTS,2010,LT,0,6699.0
2006,NUTS,2010,LT,0,7237.0
2007,NUTS,2010,LT,0,7350.0
2008,NUTS,2010,LT,0,7609.0
2009,NUTS,2010,LT,0,7470.0
2010,NUTS,2010,LT,0,7692.0
2011,NUTS,2010,LT,0,6859.0
2012,NUTS,2010,LT,0,6514.0
2013,NUTS,2010,LT,0,6452.0
2014,NUTS,2010,LT,0,6260.0
2015,NUTS,2010,LT,0,5737.0
2016,NUTS,2010,LT,0,5895.0
2017,NUTS,2010,LT,0,5387.0
2018,NUTS,2010,LT,0,5319.0
2019,NUTS,2010,LT,0,5876.0
2020,NUTS,2010,LT,0,6606.0
2015,NUTS,2010,LT01,2,2902.0
2016,NUTS,2010,LT01,2,2793.0
2017,NUTS,2010,LT01,2,2715.0
2018,NUTS,2010,LT01,2,2612.0
2019,NUTS,2010,LT01,2,2615.0
2015,NUTS,2010,LT02,2,2835.0
2016,NUTS,2010,LT02,2,3102.0
2017,NUTS,2010,LT02,2,2672.0
2018,NUTS,2010,LT02,2,2707.0
2019,NUTS,2010,LT02,2,3261.0
2000,NUTS,2010,LU,0,23.0
2001,NUTS,2010,LU,0,35.0
2003,NUTS,2010,LU,0,34.0
2004,NUTS,2010,LU,0,151.0
2005,NUTS,2010,LU,0,169.0
2006,NUTS,2010,LU,0,193.0
2007,NUTS,2010,LU,0,209.0
2008,NUTS,2010,LU,0,327.0
2009,NUTS,2010,LU,0,485.0
2010,NUTS,2010,LU,0,548.0
2011,NUTS,2010,LU,0,631.0
2012,NUTS,2010,LU,0,723.0
2013,NUTS,2010,LU,0,866.0
2014,NUTS,2010,LU,0,989.0
2015,NUTS,2010,LU,0,1057.0
2016,NUTS,2010,LU,0,1097.0
2017,NUTS,2010,LU,0,1164.0
2018,NUTS,2010,LU,0,1210.0
2019,NUTS,2010,LU,0,1343.0
2020,NUTS,2010,LU,0,1335.0
1993,NUTS,2010,LV,0,1771.0
1994,NUTS,2010,LV,0,2025.0
1995,NUTS,2010,LV,0,2169.0
1996,NUTS,2010,LV,0,1953.0
1997,NUTS,2010,LV,0,2143.0
1998,NUTS,2010,LV,0,2439.0
1999,NUTS,2010,LV,0,2483.0
2000,NUTS,2010,LV,0,2890.0
2001,NUTS,2010,LV,0,3030.0
2002,NUTS,2010,LV,0,2908.0
2003,NUTS,2010,LV,0,2976.0
2004,NUTS,2010,LV,0,3208.0
2005,NUTS,2010,LV,0,2856.0
2006,NUTS,2010,LV,0,3482.0
2007,NUTS,2010,LV,0,3879.0
2008,NUTS,2010,LV,0,3776.0
2009,NUTS,2010,LV,0,3246.0
2010,NUTS,2010,LV,0,3285.0
2011,NUTS,2010,LV,0,3393.0
2012,NUTS,2010,LV,0,3538.0
2013,NUTS,2010,LV,0,3237.0
2014,NUTS,2010,LV,0,3177.0
2015,NUTS,2010,LV,0,3241.0
2016,NUTS,2010,LV,0,3147.0
2017,NUTS,2010,LV,0,3448.0
2018,NUTS,2010,LV,0,3553.0
2019,NUTS,2010,LV,0,3721.0
2020,NUTS,2010,LV,0,4063.0
2011,NUTS,2010,ME,0,237.0
2013,NUTS,2010,ME,0,253.0
2014,NUTS,2010,ME,0,272.0
2015,NUTS,2010,ME,0,399.0
2016,NUTS,2010,ME,0,374.0
2017,NUTS,2010,ME,0,363.0
2018,NUTS,2010,ME,0,371.0
2019,NUTS,2010,ME,0,285.0
2005,NUTS,2010,MK,0,630.0
2006,NUTS,2010,MK,0,634.0
2007,NUTS,2010,MK,0,642.0
2008,NUTS,2010,MK,0,562.0
2009,NUTS,2010,MK,0,508.0
2010,NUTS,2010,MK,0,692.0
2011,NUTS,2010,MK,0,605.0
2012,NUTS,2010,MK,0,878.0
2013,NUTS,2010,MK,0,972.0
2014,NUTS,2010,MK,0,1273.0
2015,NUTS,2010,MK,0,1413.0
2016,NUTS,2010,MK,0,1344.0
2017,NUTS,2010,MK,0,1129.0
2018,NUTS,2010,MK,0,1225.0
2019,NUTS,2010,MK,0,1136.0
2020,NUTS,2010,MK,0,1173.0
2002,NUTS,2010,MT,0,265.0
2003,NUTS,2010,MT,0,284.0
2004,NUTS,2010,MT,0,288.0
2005,NUTS,2010,MT,0,292.0
2006,NUTS,2010,MT,0,307.0
2007,NUTS,2010,MT,0,310.0
2008,NUTS,2010,MT,0,335.0
2009,NUTS,2010,MT,0,288.0
2010,NUTS,2010,MT,0,311.0
2011,NUTS,2010,MT,0,319.0
2012,NUTS,2010,MT,0,358.0
2013,NUTS,2010,MT,0,419.0
2014,NUTS,2010,MT,0,456.0
2015,NUTS,2010,MT,0,462.0
2016,NUTS,2010,MT,0,452.0
2017,NUTS,2010,MT,0,483.0
2018,NUTS,2010,MT,0,510.0
2019,NUTS,2010,MT,0,568.0
2020,NUTS,2010,MT,0,596.0
1981,NUTS,2010,NL,0,13060.0
1982,NUTS,2010,NL,0,16030.0
1983,NUTS,2010,NL,0,15880.0
1984,NUTS,2010,NL,0,16030.0
1985,NUTS,2010,NL,0,16180.0
1986,NUTS,2010,NL,0,16550.0
1987,NUTS,2010,NL,0,16780.0
1988,NUTS,2010,NL,0,16990.0
1989,NUTS,2010,NL,0,17270.0
1990,NUTS,2010,NL,0,25380.0
1991,NUTS,2010,NL,0,25730.0
1992,NUTS,2010,NL,0,26170.0
1993,NUTS,2010,NL,0,26530.0
1994,NUTS,2010,NL,0,26038.0
1995,NUTS,2010,NL,0,24888.0
1996,NUTS,2010,NL,0,24398.0
1997,NUTS,2010,NL,0,24411.0
1998,NUTS,2010,NL,0,24165.0
1999,NUTS,2010,NL,0,29588.0
2000,NUTS,2010,NL,0,30078.0
2001,NUTS,2010,NL,0,30685.0
2002,NUTS,2010,NL,0,30793.0
2003,NUTS,2010,NL,0,31370.0
2004,NUTS,2010,NL,0,32095.0
2005,NUTS,2010,NL,0,32305.0
2006,NUTS,2010,NL,0,32229.0
2007,NUTS,2010,NL,0,32402.0
2008,NUTS,2010,NL,0,33231.0
2009,NUTS,2010,NL,0,34122.0
2010,NUTS,2010,NL,0,34981.0
2011,NUTS,2010,NL,0,32197.0
2012,NUTS,2010,NL,0,31952.0
2013,NUTS,2010,NL,0,32331.0
2014,NUTS,2010,NL,0,33237.0
2015,NUTS,2010,NL,0,33604.0
2016,NUTS,2010,NL,0,33300.0
2017,NUTS,2010,NL,0,34350.0
2018,NUTS,2010,NL,0,34742.0
2019,NUTS,2010,NL,0,35963.0
2020,NUTS,2010,NL,0,36000.0
1997,NUTS,2010,NL1,1,2388.0
1998,NUTS,2010,NL1,1,2356.0
2000,NUTS,2010,NL1,1,2660.0
2001,NUTS,2010,NL1,1,2772.0
2002,NUTS,2010,NL1,1,2312.0
1997,NUTS,2010,NL11,2,2388.0
1998,NUTS,2010,NL11,2,2356.0
2000,NUTS,2010,NL11,2,2660.0
2001,NUTS,2010,NL11,2,2772.0
2002,NUTS,2010,NL11,2,2312.0
1997,NUTS,2010,NL2,1,4733.0
1998,NUTS,2010,NL2,1,4658.0
2000,NUTS,2010,NL2,1,5203.0
2001,NUTS,2010,NL2,1,5236.0
2002,NUTS,2010,NL2,1,5261.0
1997,NUTS,2010,NL21,2,1191.0
1998,NUTS,2010,NL21,2,1191.0
2000,NUTS,2010,NL21,2,1351.0
2001,NUTS,2010,NL21,2,1439.0
2002,NUTS,2010,NL21,2,1306.0
1997,NUTS,2010,NL22,2,3542.0
1998,NUTS,2010,NL22,2,3467.0
2000,NUTS,2010,NL22,2,3852.0
2001,NUTS,2010,NL22,2,3797.0
2002,NUTS,2010,NL22,2,3955.0
1997,NUTS,2010,NL3,1,14093.0
1998,NUTS,2010,NL3,1,13969.0
2000,NUTS,2010,NL3,1,15444.0
2001,NUTS,2010,NL3,1,15391.0
2002,NUTS,2010,NL3,1,15459.0
2005,NUTS,2010,NL3,1,18659.0
2007,NUTS,2010,NL3,1,18744.0
2009,NUTS,2010,NL3,1,20081.0
2011,NUTS,2010,NL3,1,18083.0
2012,NUTS,2010,NL3,1,17979.0
1997,NUTS,2010,NL31,2,3215.0
1998,NUTS,2010,NL31,2,3233.0
2000,NUTS,2010,NL31,2,3627.0
2001,NUTS,2010,NL31,2,3684.0
2002,NUTS,2010,NL31,2,3602.0
1997,NUTS,2010,NL32,2,4215.0
1998,NUTS,2010,NL32,2,4328.0
2000,NUTS,2010,NL32,2,4873.0
2001,NUTS,2010,NL32,2,4726.0
2002,NUTS,2010,NL32,2,5154.0
1997,NUTS,2010,NL33,2,6663.0
1998,NUTS,2010,NL33,2,6408.0
2000,NUTS,2010,NL33,2,6945.0
2001,NUTS,2010,NL33,2,6981.0
2002,NUTS,2010,NL33,2,6702.0
1997,NUTS,2010,NL4,1,3198.0
1998,NUTS,2010,NL4,1,3182.0
2000,NUTS,2010,NL4,1,3456.0
2001,NUTS,2010,NL4,1,3591.0
2002,NUTS,2010,NL4,1,3636.0
1997,NUTS,2010,NL41,2,1897.0
1998,NUTS,2010,NL41,2,1838.0
2000,NUTS,2010,NL41,2,1913.0
2001,NUTS,2010,NL41,2,1905.0
2002,NUTS,2010,NL41,2,2008.0
1997,NUTS,2010,NL42,2,1301.0
1998,NUTS,2010,NL42,2,1344.0
2000,NUTS,2010,NL42,2,1543.0
2001,NUTS,2010,NL42,2,1686.0
2002,NUTS,2010,NL42,2,1629.0
1981,NUTS,2010,NO,0,4939.0
1982,NUTS,2010,NO,0,4960.0
1983,NUTS,2010,NO,0,4978.0
1984,NUTS,2010,NO,0,5080.0
1985,NUTS,2010,NO,0,5254.0
1987,NUTS,2010,NO,0,5334.0
1989,NUTS,2010,NO,0,5784.0
1991,NUTS,2010,NO,0,5973.0
1993,NUTS,2010,NO,0,6658.0
1995,NUTS,2010,NO,0,6955.0
1997,NUTS,2010,NO,0,7062.0
1999,NUTS,2010,NO,0,7313.0
2001,NUTS,2010,NO,0,7484.0
2002,NUTS,2010,NO,0,7760.0
2003,NUTS,2010,NO,0,7918.0
2004,NUTS,2010,NO,0,8500.0
2005,NUTS,2010,NO,0,9420.0
2006,NUTS,2010,NO,0,9870.0
2007,NUTS,2010,NO,0,11011.0
2008,NUTS,2010,NO,0,11341.0
2009,NUTS,2010,NO,0,11655.0
2010,NUTS,2010,NO,0,11968.0
2011,NUTS,2010,NO,0,12283.0
2012,NUTS,2010,NO,0,12413.0
2013,NUTS,2010,NO,0,12715.0
2014,NUTS,2010,NO,0,13010.0
2015,NUTS,2010,NO,0,13952.0
2016,NUTS,2010,NO,0,14937.0
2017,NUTS,2010,NO,0,15675.0
2018,NUTS,2010,NO,0,16237.0
2019,NUTS,2010,NO,0,16957.0
2020,NUTS,2010,NO,0,16126.0
1981,NUTS,2010,NO0,1,4939.0
1982,NUTS,2010,NO0,1,4960.0
1983,NUTS,2010,NO0,1,4978.0
1984,NUTS,2010,NO0,1,5080.0
1985,NUTS,2010,NO0,1,5254.0
1987,NUTS,2010,NO0,1,5334.0
1989,NUTS,2010,NO0,1,5784.0
1991,NUTS,2010,NO0,1,5973.0
1993,NUTS,2010,NO0,1,6658.0
1995,NUTS,2010,NO0,1,6955.0
1997,NUTS,2010,NO0,1,7062.0
1999,NUTS,2010,NO0,1,7313.0
2001,NUTS,2010,NO0,1,7484.0
2002,NUTS,2010,NO0,1,7760.0
2003,NUTS,2010,NO0,1,7918.0
2004,NUTS,2010,NO0,1,8500.0
2005,NUTS,2010,NO0,1,9420.0
2006,NUTS,2010,NO0,1,9870.0
2007,NUTS,2010,NO0,1,11011.0
2008,NUTS,2010,NO0,1,11341.0
2009,NUTS,2010,NO0,1,11655.0
2010,NUTS,2010,NO0,1,11968.0
2011,NUTS,2010,NO0,1,12283.0
2012,NUTS,2010,NO0,1,12413.0
2013,NUTS,2010,NO0,1,12715.0
2014,NUTS,2010,NO0,1,13010.0
2015,NUTS,2010,NO0,1,13952.0
2016,NUTS,2010,NO0,1,14937.0
2017,NUTS,2010,NO0,1,15675.0
2018,NUTS,2010,NO0,1,16237.0
2019,NUTS,2010,NO0,1,16958.0
1993,NUTS,2010,NO01,2,2969.0
1995,NUTS,2010,NO01,2,2993.0
1997,NUTS,2010,NO01,2,3048.0
1999,NUTS,2010,NO01,2,3170.0
2001,NUTS,2010,NO01,2,3296.0
2003,NUTS,2010,NO01,2,3347.0
2005,NUTS,2010,NO01,2,3990.0
2007,NUTS,2010,NO01,2,4843.0
2009,NUTS,2010,NO01,2,5056.0
2010,NUTS,2010,NO01,2,5199.0
2011,NUTS,2010,NO01,2,5088.0
2012,NUTS,2010,NO01,2,5137.0
2013,NUTS,2010,NO01,2,5437.0
2014,NUTS,2010,NO01,2,5537.0
2015,NUTS,2010,NO01,2,5954.0
2016,NUTS,2010,NO01,2,6277.0
2017,NUTS,2010,NO01,2,6503.0
2018,NUTS,2010,NO01,2,6714.0
2019,NUTS,2010,NO01,2,6780.0
1993,NUTS,2010,NO02,2,65.0
1995,NUTS,2010,NO02,2,77.0
1997,NUTS,2010,NO02,2,96.0
1999,NUTS,2010,NO02,2,115.0
2001,NUTS,2010,NO02,2,88.0
2003,NUTS,2010,NO02,2,80.0
2005,NUTS,2010,NO02,2,107.0
2007,NUTS,2010,NO02,2,115.0
2009,NUTS,2010,NO02,2,136.0
2010,NUTS,2010,NO02,2,155.0
2011,NUTS,2010,NO02,2,154.0
2012,NUTS,2010,NO02,2,158.0
2013,NUTS,2010,NO02,2,194.0
2014,NUTS,2010,NO02,2,193.0
2015,NUTS,2010,NO02,2,205.0
2016,NUTS,2010,NO02,2,277.0
2017,NUTS,2010,NO02,2,290.0
2018,NUTS,2010,NO02,2,265.0
2019,NUTS,2010,NO02,2,322.0
1993,NUTS,2010,NO03,2,40.0
1995,NUTS,2010,NO03,2,63.0
1997,NUTS,2010,NO03,2,67.0
1999,NUTS,2010,NO03,2,84.0
2001,NUTS,2010,NO03,2,115.0
2003,NUTS,2010,NO03,2,135.0
2005,NUTS,2010,NO03,2,171.0
2007,NUTS,2010,NO03,2,202.0
2009,NUTS,2010,NO03,2,220.0
2010,NUTS,2010,NO03,2,232.0
2011,NUTS,2010,NO03,2,226.0
2012,NUTS,2010,NO03,2,234.0
2013,NUTS,2010,NO03,2,256.0
2014,NUTS,2010,NO03,2,272.0
2015,NUTS,2010,NO03,2,307.0
2016,NUTS,2010,NO03,2,327.0
2017,NUTS,2010,NO03,2,440.0
2018,NUTS,2010,NO03,2,475.0
2019,NUTS,2010,NO03,2,508.0
1993,NUTS,2010,NO04,2,111.0
1995,NUTS,2010,NO04,2,131.0
1997,NUTS,2010,NO04,2,141.0
1999,NUTS,2010,NO04,2,151.0
2001,NUTS,2010,NO04,2,180.0
2003,NUTS,2010,NO04,2,225.0
2005,NUTS,2010,NO04,2,364.0
2007,NUTS,2010,NO04,2,425.0
2009,NUTS,2010,NO04,2,533.0
2010,NUTS,2010,NO04,2,548.0
2011,NUTS,2010,NO04,2,639.0
2012,NUTS,2010,NO04,2,681.0
2013,NUTS,2010,NO04,2,704.0
2014,NUTS,2010,NO04,2,723.0
2015,NUTS,2010,NO04,2,756.0
2016,NUTS,2010,NO04,2,844.0
2017,NUTS,2010,NO04,2,979.0
2018,NUTS,2010,NO04,2,1013.0
2019,NUTS,2010,NO04,2,1080.0
1993,NUTS,2010,NO05,2,1382.0
1995,NUTS,2010,NO05,2,1492.0
1997,NUTS,2010,NO05,2,1485.0
1999,NUTS,2010,NO05,2,1515.0
2001,NUTS,2010,NO05,2,1515.0
2003,NUTS,2010,NO05,2,1587.0
2005,NUTS,2010,NO05,2,1877.0
2007,NUTS,2010,NO05,2,2195.0
2009,NUTS,2010,NO05,2,2000.0
2010,NUTS,2010,NO05,2,2023.0
2011,NUTS,2010,NO05,2,2096.0
2012,NUTS,2010,NO05,2,2187.0
2013,NUTS,2010,NO05,2,2157.0
2014,NUTS,2010,NO05,2,2222.0
2015,NUTS,2010,NO05,2,2357.0
2016,NUTS,2010,NO05,2,2434.0
2017,NUTS,2010,NO05,2,2669.0
2018,NUTS,2010,NO05,2,2731.0
2019,NUTS,2010,NO05,2,2915.0
1993,NUTS,2010,NO06,2,1423.0
1995,NUTS,2010,NO06,2,1507.0
1997,NUTS,2010,NO06,2,1529.0
1999,NUTS,2010,NO06,2,1542.0
2001,NUTS,2010,NO06,2,1471.0
2003,NUTS,2010,NO06,2,1669.0
2005,NUTS,2010,NO06,2,1923.0
2007,NUTS,2010,NO06,2,2005.0
2009,NUTS,2010,NO06,2,2362.0
2010,NUTS,2010,NO06,2,2481.0
2011,NUTS,2010,NO06,2,2647.0
2012,NUTS,2010,NO06,2,2557.0
2013,NUTS,2010,NO06,2,2514.0
2014,NUTS,2010,NO06,2,2542.0
2015,NUTS,2010,NO06,2,2719.0
2016,NUTS,2010,NO06,2,2961.0
2017,NUTS,2010,NO06,2,3066.0
2018,NUTS,2010,NO06,2,3257.0
2019,NUTS,2010,NO06,2,3402.0
1993,NUTS,2010,NO07,2,668.0
1995,NUTS,2010,NO07,2,691.0
1997,NUTS,2010,NO07,2,696.0
1999,NUTS,2010,NO07,2,736.0
2001,NUTS,2010,NO07,2,819.0
2003,NUTS,2010,NO07,2,875.0
2005,NUTS,2010,NO07,2,989.0
2007,NUTS,2010,NO07,2,1226.0
2009,NUTS,2010,NO07,2,1348.0
2010,NUTS,2010,NO07,2,1330.0
2011,NUTS,2010,NO07,2,1433.0
2012,NUTS,2010,NO07,2,1459.0
2013,NUTS,2010,NO07,2,1453.0
2014,NUTS,2010,NO07,2,1521.0
2015,NUTS,2010,NO07,2,1654.0
2016,NUTS,2010,NO07,2,1817.0
2017,NUTS,2010,NO07,2,1729.0
2018,NUTS,2010,NO07,2,1782.0
2019,NUTS,2010,NO07,2,1950.0
1980,NUTS,2010,PL,0,17100.0
1981,NUTS,2010,PL,0,17600.0
1982,NUTS,2010,PL,0,17500.0
1983,NUTS,2010,PL,0,17100.0
1984,NUTS,2010,PL,0,17500.0
1985,NUTS,2010,PL,0,17700.0
1986,NUTS,2010,PL,0,15900.0
1994,NUTS,2010,PL,0,32745.0
1995,NUTS,2010,PL,0,35621.0
1996,NUTS,2010,PL,0,39046.0
1997,NUTS,2010,PL,0,40977.0
1998,NUTS,2010,PL,0,42478.0
1999,NUTS,2010,PL,0,42948.0
2000,NUTS,2010,PL,0,41499.0
2001,NUTS,2010,PL,0,42385.0
2002,NUTS,2010,PL,0,43752.0
2003,NUTS,2010,PL,0,44455.0
2004,NUTS,2010,PL,0,45572.0
2005,NUTS,2010,PL,0,44763.0
2006,NUTS,2010,PL,0,41535.0
2007,NUTS,2010,PL,0,42595.0
2008,NUTS,2010,PL,0,43479.0
2009,NUTS,2010,PL,0,41440.0
2010,NUTS,2010,PL,0,43111.0
2011,NUTS,2010,PL,0,44154.0
2012,NUTS,2010,PL,0,42917.0
2013,NUTS,2010,PL,0,41441.0
2014,NUTS,2010,PL,0,44304.0
2015,NUTS,2010,PL,0,44961.0
2016,NUTS,2010,PL,0,51652.0
2017,NUTS,2010,PL,0,65325.0
2018,NUTS,2010,PL,0,70172.0
2019,NUTS,2010,PL,0,73196.0
2020,NUTS,2010,PL,0,72159.0
2000,NUTS,2010,PL1,1,10088.0
2001,NUTS,2010,PL1,1,10233.0
2002,NUTS,2010,PL1,1,9588.0
2003,NUTS,2010,PL1,1,9935.0
2004,NUTS,2010,PL1,1,10567.0
2005,NUTS,2010,PL1,1,10690.0
2006,NUTS,2010,PL1,1,10694.0
2007,NUTS,2010,PL1,1,11041.0
2008,NUTS,2010,PL1,1,10892.0
2009,NUTS,2010,PL1,1,10945.0
2010,NUTS,2010,PL1,1,11202.0
2011,NUTS,2010,PL1,1,10814.0
2012,NUTS,2010,PL1,1,10968.0
2013,NUTS,2010,PL1,1,10610.0
2014,NUTS,2010,PL1,1,11168.0
2015,NUTS,2010,PL1,1,11030.0
2000,NUTS,2010,PL11,2,2623.0
2001,NUTS,2010,PL11,2,2480.0
2002,NUTS,2010,PL11,2,2312.0
2003,NUTS,2010,PL11,2,2546.0
2004,NUTS,2010,PL11,2,2549.0
2005,NUTS,2010,PL11,2,2520.0
2006,NUTS,2010,PL11,2,2521.0
2007,NUTS,2010,PL11,2,2508.0
2008,NUTS,2010,PL11,2,2651.0
2009,NUTS,2010,PL11,2,3052.0
2010,NUTS,2010,PL11,2,2924.0
2011,NUTS,2010,PL11,2,2791.0
2012,NUTS,2010,PL11,2,3117.0
2013,NUTS,2010,PL11,2,2678.0
2015,NUTS,2010,PL11,2,2786.0
2000,NUTS,2010,PL12,2,7465.0
2001,NUTS,2010,PL12,2,7753.0
2002,NUTS,2010,PL12,2,7276.0
2003,NUTS,2010,PL12,2,7389.0
2004,NUTS,2010,PL12,2,8018.0
2005,NUTS,2010,PL12,2,8170.0
2006,NUTS,2010,PL12,2,8173.0
2007,NUTS,2010,PL12,2,8533.0
2008,NUTS,2010,PL12,2,8241.0
2009,NUTS,2010,PL12,2,7892.0
2010,NUTS,2010,PL12,2,8278.0
2011,NUTS,2010,PL12,2,8023.0
2012,NUTS,2010,PL12,2,7851.0
2013,NUTS,2010,PL12,2,7932.0
2015,NUTS,2010,PL12,2,8244.0
2000,NUTS,2010,PL2,1,9169.0
2001,NUTS,2010,PL2,1,9950.0
2002,NUTS,2010,PL2,1,12267.0
2003,NUTS,2010,PL2,1,12529.0
2004,NUTS,2010,PL2,1,12831.0
2005,NUTS,2010,PL2,1,11654.0
2006,NUTS,2010,PL2,1,9408.0
2007,NUTS,2010,PL2,1,9524.0
2008,NUTS,2010,PL2,1,9704.0
2009,NUTS,2010,PL2,1,8951.0
2010,NUTS,2010,PL2,1,9664.0
2011,NUTS,2010,PL2,1,10347.0
2012,NUTS,2010,PL2,1,9574.0
2013,NUTS,2010,PL2,1,9455.0
2014,NUTS,2010,PL2,1,10644.0
2015,NUTS,2010,PL2,1,10512.0
2016,NUTS,2010,PL2,1,10560.0
2017,NUTS,2010,PL2,1,13949.0
2018,NUTS,2010,PL2,1,14164.0
2019,NUTS,2010,PL2,1,16470.0
2000,NUTS,2010,PL21,2,6127.0
2001,NUTS,2010,PL21,2,5620.0
2002,NUTS,2010,PL21,2,7966.0
2003,NUTS,2010,PL21,2,8174.0
2004,NUTS,2010,PL21,2,8206.0
2005,NUTS,2010,PL21,2,7070.0
2006,NUTS,2010,PL21,2,5046.0
2007,NUTS,2010,PL21,2,5225.0
2008,NUTS,2010,PL21,2,5194.0
2009,NUTS,2010,PL21,2,5037.0
2010,NUTS,2010,PL21,2,5667.0
2011,NUTS,2010,PL21,2,6641.0
2012,NUTS,2010,PL21,2,5898.0
2013,NUTS,2010,PL21,2,5881.0
2014,NUTS,2010,PL21,2,6909.0
2015,NUTS,2010,PL21,2,6838.0
2016,NUTS,2010,PL21,2,6492.0
2017,NUTS,2010,PL21,2,9396.0
2018,NUTS,2010,PL21,2,9289.0
2019,NUTS,2010,PL21,2,9637.0
2000,NUTS,2010,PL22,2,3042.0
2001,NUTS,2010,PL22,2,4330.0
2002,NUTS,2010,PL22,2,4302.0
2003,NUTS,2010,PL22,2,4355.0
2004,NUTS,2010,PL22,2,4626.0
2005,NUTS,2010,PL22,2,4583.0
2006,NUTS,2010,PL22,2,4361.0
2007,NUTS,2010,PL22,2,4299.0
2008,NUTS,2010,PL22,2,4510.0
2009,NUTS,2010,PL22,2,3914.0
2010,NUTS,2010,PL22,2,3997.0
2011,NUTS,2010,PL22,2,3706.0
2012,NUTS,2010,PL22,2,3676.0
2013,NUTS,2010,PL22,2,3574.0
2014,NUTS,2010,PL22,2,3735.0
2015,NUTS,2010,PL22,2,3674.0
2016,NUTS,2010,PL22,2,4069.0
2017,NUTS,2010,PL22,2,4553.0
2018,NUTS,2010,PL22,2,4875.0
2019,NUTS,2010,PL22,2,6833.0
2000,NUTS,2010,PL3,1,4383.0
2001,NUTS,2010,PL3,1,4783.0
2002,NUTS,2010,PL3,1,4242.0
2003,NUTS,2010,PL3,1,4526.0
2004,NUTS,2010,PL3,1,4301.0
2005,NUTS,2010,PL3,1,4694.0
2006,NUTS,2010,PL3,1,4521.0
2007,NUTS,2010,PL3,1,4497.0
2008,NUTS,2010,PL3,1,4981.0
2009,NUTS,2010,PL3,1,5055.0
2011,NUTS,2010,PL3,1,5158.0
2012,NUTS,2010,PL3,1,4622.0
2013,NUTS,2010,PL3,1,5082.0
2014,NUTS,2010,PL3,1,5478.0
2015,NUTS,2010,PL3,1,6179.0
2000,NUTS,2010,PL31,2,2158.0
2002,NUTS,2010,PL31,2,2437.0
2003,NUTS,2010,PL31,2,2194.0
2004,NUTS,2010,PL31,2,2307.0
2005,NUTS,2010,PL31,2,2365.0
2006,NUTS,2010,PL31,2,2224.0
2007,NUTS,2010,PL31,2,2190.0
2008,NUTS,2010,PL31,2,2262.0
2009,NUTS,2010,PL31,2,2228.0
2010,NUTS,2010,PL31,2,2359.0
2011,NUTS,2010,PL31,2,2408.0
2012,NUTS,2010,PL31,2,2413.0
2013,NUTS,2010,PL31,2,2460.0
2014,NUTS,2010,PL31,2,2592.0
2015,NUTS,2010,PL31,2,2513.0
2000,NUTS,2010,PL32,2,362.0
2004,NUTS,2010,PL32,2,473.0
2005,NUTS,2010,PL32,2,490.0
2006,NUTS,2010,PL32,2,510.0
2007,NUTS,2010,PL32,2,518.0
2008,NUTS,2010,PL32,2,545.0
2009,NUTS,2010,PL32,2,574.0
2010,NUTS,2010,PL32,2,655.0
2012,NUTS,2010,PL32,2,630.0
2013,NUTS,2010,PL32,2,757.0
2007,NUTS,2010,PL33,2,637.0
2008,NUTS,2010,PL33,2,777.0
2012,NUTS,2010,PL33,2,216.0
2013,NUTS,2010,PL33,2,673.0
2001,NUTS,2010,PL34,2,1337.0
2002,NUTS,2010,PL34,2,797.0
2003,NUTS,2010,PL34,2,1209.0
2007,NUTS,2010,PL34,2,1152.0
2008,NUTS,2010,PL34,2,1399.0
2009,NUTS,2010,PL34,2,1389.0
2010,NUTS,2010,PL34,2,1339.0
2011,NUTS,2010,PL34,2,1375.0
2012,NUTS,2010,PL34,2,1363.0
2013,NUTS,2010,PL34,2,1193.0
2014,NUTS,2010,PL34,2,1239.0
2015,NUTS,2010,PL34,2,1322.0
2000,NUTS,2010,PL4,1,6365.0
2001,NUTS,2010,PL4,1,5694.0
2002,NUTS,2010,PL4,1,6280.0
2003,NUTS,2010,PL4,1,6308.0
2004,NUTS,2010,PL4,1,6404.0
2005,NUTS,2010,PL4,1,6399.0
2006,NUTS,2010,PL4,1,6044.0
2007,NUTS,2010,PL4,1,6170.0
2008,NUTS,2010,PL4,1,6274.0
2009,NUTS,2010,PL4,1,5502.0
2011,NUTS,2010,PL4,1,6454.0
2012,NUTS,2010,PL4,1,6050.0
2013,NUTS,2010,PL4,1,4870.0
2014,NUTS,2010,PL4,1,5465.0
2015,NUTS,2010,PL4,1,5620.0
2017,NUTS,2010,PL4,1,7529.0
2018,NUTS,2010,PL4,1,8782.0
2019,NUTS,2010,PL4,1,7663.0
2000,NUTS,2010,PL41,2,3522.0
2001,NUTS,2010,PL41,2,3610.0
2002,NUTS,2010,PL41,2,3707.0
2003,NUTS,2010,PL41,2,3659.0
2004,NUTS,2010,PL41,2,3617.0
2005,NUTS,2010,PL41,2,3601.0
2006,NUTS,2010,PL41,2,3651.0
2007,NUTS,2010,PL41,2,3594.0
2008,NUTS,2010,PL41,2,3737.0
2009,NUTS,2010,PL41,2,3271.0
2010,NUTS,2010,PL41,2,3897.0
2011,NUTS,2010,PL41,2,4045.0
2012,NUTS,2010,PL41,2,3655.0
2013,NUTS,2010,PL41,2,2616.0
2014,NUTS,2010,PL41,2,3007.0
2015,NUTS,2010,PL41,2,3214.0
2016,NUTS,2010,PL41,2,4131.0
2017,NUTS,2010,PL41,2,4517.0
2018,NUTS,2010,PL41,2,5751.0
2019,NUTS,2010,PL41,2,4806.0
2005,NUTS,2010,PL42,2,1942.0
2007,NUTS,2010,PL42,2,1881.0
2008,NUTS,2010,PL42,2,1832.0
2009,NUTS,2010,PL42,2,1637.0
2010,NUTS,2010,PL42,2,1528.0
2012,NUTS,2010,PL42,2,1770.0
2013,NUTS,2010,PL42,2,1621.0
2007,NUTS,2010,PL43,2,694.0
2008,NUTS,2010,PL43,2,705.0
2012,NUTS,2010,PL43,2,625.0
2013,NUTS,2010,PL43,2,633.0
2000,NUTS,2010,PL5,1,4884.0
2001,NUTS,2010,PL5,1,5070.0
2002,NUTS,2010,PL5,1,5138.0
2003,NUTS,2010,PL5,1,5143.0
2004,NUTS,2010,PL5,1,5153.0
2005,NUTS,2010,PL5,1,4646.0
2006,NUTS,2010,PL5,1,4648.0
2007,NUTS,2010,PL5,1,5237.0
2008,NUTS,2010,PL5,1,5376.0
2009,NUTS,2010,PL5,1,5190.0
2011,NUTS,2010,PL5,1,5274.0
2012,NUTS,2010,PL5,1,5534.0
2013,NUTS,2010,PL5,1,5411.0
2014,NUTS,2010,PL5,1,5519.0
2015,NUTS,2010,PL5,1,5594.0
2016,NUTS,2010,PL5,1,5105.0
2017,NUTS,2010,PL5,1,6785.0
2018,NUTS,2010,PL5,1,6980.0
2019,NUTS,2010,PL5,1,6945.0
2005,NUTS,2010,PL51,2,3959.0
2007,NUTS,2010,PL51,2,4504.0
2008,NUTS,2010,PL51,2,4691.0
2009,NUTS,2010,PL51,2,4486.0
2010,NUTS,2010,PL51,2,4010.0
2012,NUTS,2010,PL51,2,4811.0
2013,NUTS,2010,PL51,2,4817.0
2014,NUTS,2010,PL51,2,4895.0
2015,NUTS,2010,PL51,2,4949.0
2016,NUTS,2010,PL51,2,4550.0
2017,NUTS,2010,PL51,2,6070.0
2018,NUTS,2010,PL51,2,6224.0
2019,NUTS,2010,PL51,2,6097.0
2007,NUTS,2010,PL52,2,733.0
2008,NUTS,2010,PL52,2,684.0
2009,NUTS,2010,PL52,2,704.0
2012,NUTS,2010,PL52,2,723.0
2013,NUTS,2010,PL52,2,594.0
2014,NUTS,2010,PL52,2,624.0
2015,NUTS,2010,PL52,2,645.0
2016,NUTS,2010,PL52,2,555.0
2017,NUTS,2010,PL52,2,716.0
2018,NUTS,2010,PL52,2,756.0
2019,NUTS,2010,PL52,2,848.0
2000,NUTS,2010,PL6,1,6609.0
2001,NUTS,2010,PL6,1,6655.0
2002,NUTS,2010,PL6,1,6237.0
2003,NUTS,2010,PL6,1,6015.0
2004,NUTS,2010,PL6,1,6316.0
2005,NUTS,2010,PL6,1,6681.0
2006,NUTS,2010,PL6,1,6220.0
2007,NUTS,2010,PL6,1,6126.0
2008,NUTS,2010,PL6,1,6253.0
2009,NUTS,2010,PL6,1,5797.0
2010,NUTS,2010,PL6,1,6150.0
2011,NUTS,2010,PL6,1,6107.0
2012,NUTS,2010,PL6,1,6170.0
2013,NUTS,2010,PL6,1,6013.0
2014,NUTS,2010,PL6,1,6031.0
2015,NUTS,2010,PL6,1,6027.0
2016,NUTS,2010,PL6,1,6453.0
2017,NUTS,2010,PL6,1,8614.0
2018,NUTS,2010,PL6,1,9539.0
2019,NUTS,2010,PL6,1,9506.0
2005,NUTS,2010,PL61,2,2231.0
2006,NUTS,2010,PL61,2,2311.0
2007,NUTS,2010,PL61,2,2481.0
2008,NUTS,2010,PL61,2,2581.0
2009,NUTS,2010,PL61,2,2028.0
2012,NUTS,2010,PL61,2,2162.0
2013,NUTS,2010,PL61,2,2091.0
2014,NUTS,2010,PL61,2,2079.0
2015,NUTS,2010,PL61,2,2167.0
2016,NUTS,2010,PL61,2,1932.0
2018,NUTS,2010,PL61,2,3728.0
2005,NUTS,2010,PL62,2,943.0
2006,NUTS,2010,PL62,2,927.0
2007,NUTS,2010,PL62,2,901.0
2008,NUTS,2010,PL62,2,1021.0
2012,NUTS,2010,PL62,2,1075.0
2013,NUTS,2010,PL62,2,1002.0
2014,NUTS,2010,PL62,2,1102.0
2015,NUTS,2010,PL62,2,1020.0
2016,NUTS,2010,PL62,2,1164.0
2000,NUTS,2010,PL63,2,3225.0
2001,NUTS,2010,PL63,2,3057.0
2002,NUTS,2010,PL63,2,2968.0
2003,NUTS,2010,PL63,2,2959.0
2004,NUTS,2010,PL63,2,3180.0
2005,NUTS,2010,PL63,2,3507.0
2006,NUTS,2010,PL63,2,2982.0
2007,NUTS,2010,PL63,2,2744.0
2008,NUTS,2010,PL63,2,2651.0
2009,NUTS,2010,PL63,2,2796.0
2010,NUTS,2010,PL63,2,2877.0
2011,NUTS,2010,PL63,2,2889.0
2012,NUTS,2010,PL63,2,2933.0
2013,NUTS,2010,PL63,2,2920.0
2014,NUTS,2010,PL63,2,2850.0
2015,NUTS,2010,PL63,2,2841.0
2016,NUTS,2010,PL63,2,3357.0
2017,NUTS,2010,PL63,2,4366.0
2019,NUTS,2010,PL63,2,4288.0
2017,NUTS,2010,PL7,1,4437.0
2018,NUTS,2010,PL7,1,4177.0
2019,NUTS,2010,PL7,1,5091.0
2016,NUTS,2010,PL71,2,3351.0
2017,NUTS,2010,PL71,2,3850.0
2018,NUTS,2010,PL71,2,3435.0
2019,NUTS,2010,PL71,2,4266.0
2017,NUTS,2010,PL72,2,587.0
2018,NUTS,2010,PL72,2,742.0
2019,NUTS,2010,PL72,2,825.0
2016,NUTS,2010,PL8,1,5765.0
2017,NUTS,2010,PL8,1,6669.0
2018,NUTS,2010,PL8,1,8513.0
2019,NUTS,2010,PL8,1,8945.0
2016,NUTS,2010,PL81,2,3117.0
2017,NUTS,2010,PL81,2,3640.0
2019,NUTS,2010,PL81,2,5865.0
2016,NUTS,2010,PL82,2,1501.0
2017,NUTS,2010,PL82,2,1536.0
2016,NUTS,2010,PL84,2,1147.0
2017,NUTS,2010,PL84,2,1493.0
2016,NUTS,2010,PL9,1,13208.0
2017,NUTS,2010,PL9,1,17342.0
2018,NUTS,2010,PL9,1,18018.0
2019,NUTS,2010,PL9,1,18576.0
2016,NUTS,2010,PL91,2,12700.0
2017,NUTS,2010,PL91,2,16799.0
2018,NUTS,2010,PL91,2,17428.0
2019,NUTS,2010,PL91,2,17956.0
2016,NUTS,2010,PL92,2,508.0
2017,NUTS,2010,PL92,2,543.0
2018,NUTS,2010,PL92,2,589.0
2019,NUTS,2010,PL92,2,621.0
2007,NUTS,2010,PLZ,1,42595.0
2009,NUTS,2010,PLZ,1,0.0
2009,NUTS,2010,PLZZ,2,0.0
1982,NUTS,2010,PT,0,2330.0
1983,NUTS,2010,PT,0,2565.0
1984,NUTS,2010,PT,0,2799.0
1985,NUTS,2010,PT,0,3299.0
1986,NUTS,2010,PT,0,3799.0
1987,NUTS,2010,PT,0,3991.0
1988,NUTS,2010,PT,0,4182.0
1989,NUTS,2010,PT,0,4511.0
1990,NUTS,2010,PT,0,4840.0
1991,NUTS,2010,PT,0,5544.0
1992,NUTS,2010,PT,0,6249.0
1993,NUTS,2010,PT,0,6326.0
1994,NUTS,2010,PT,0,6405.0
1995,NUTS,2010,PT,0,6484.0
1996,NUTS,2010,PT,0,7463.0
1997,NUTS,2010,PT,0,8442.0
1998,NUTS,2010,PT,0,8814.0
1999,NUTS,2010,PT,0,9187.0
2000,NUTS,2010,PT,0,9680.0
2001,NUTS,2010,PT,0,10173.0
2002,NUTS,2010,PT,0,10660.0
2003,NUTS,2010,PT,0,11147.0
2004,NUTS,2010,PT,0,11414.0
2005,NUTS,2010,PT,0,11680.0
2006,NUTS,2010,PT,0,12854.0
2007,NUTS,2010,PT,0,14027.0
2008,NUTS,2010,PT,0,24412.0
2009,NUTS,2010,PT,0,24965.0
2010,NUTS,2010,PT,0,25092.0
2011,NUTS,2010,PT,0,24491.0
2012,NUTS,2010,PT,0,24513.0
2013,NUTS,2010,PT,0,27753.0
2014,NUTS,2010,PT,0,26870.0
2015,NUTS,2010,PT,0,27001.0
2016,NUTS,2010,PT,0,28265.0
2017,NUTS,2010,PT,0,30078.0
2018,NUTS,2010,PT,0,31451.0
2019,NUTS,2010,PT,0,31556.0
2020,NUTS,2010,PT,0,31505.0
1988,NUTS,2010,PT1,1,4123.0
1990,NUTS,2010,PT1,1,4746.0
1992,NUTS,2010,PT1,1,6158.0
1995,NUTS,2010,PT1,1,6285.0
1997,NUTS,2010,PT1,1,8212.0
1999,NUTS,2010,PT1,1,8914.0
2000,NUTS,2010,PT1,1,9382.0
2001,NUTS,2010,PT1,1,9851.0
2002,NUTS,2010,PT1,1,10359.0
2003,NUTS,2010,PT1,1,10867.0
2004,NUTS,2010,PT1,1,11138.0
2005,NUTS,2010,PT1,1,11410.0
2006,NUTS,2010,PT1,1,12560.0
2007,NUTS,2010,PT1,1,13710.0
2008,NUTS,2010,PT1,1,23909.0
2009,NUTS,2010,PT1,1,24562.0
2010,NUTS,2010,PT1,1,24705.0
2011,NUTS,2010,PT1,1,24123.0
2012,NUTS,2010,PT1,1,24179.0
2013,NUTS,2010,PT1,1,27317.0
2014,NUTS,2010,PT1,1,26424.0
2015,NUTS,2010,PT1,1,26570.0
2016,NUTS,2010,PT1,1,27820.0
2017,NUTS,2010,PT1,1,29595.0
2018,NUTS,2010,PT1,1,30954.0
2019,NUTS,2010,PT1,1,31094.0
2020,NUTS,2010,PT1,1,31053.0
1988,NUTS,2010,PT11,2,1132.0
1990,NUTS,2010,PT11,2,1244.0
1992,NUTS,2010,PT11,2,1623.0
1995,NUTS,2010,PT11,2,1854.0
1997,NUTS,2010,PT11,2,2157.0
1999,NUTS,2010,PT11,2,2314.0
2000,NUTS,2010,PT11,2,2374.0
2001,NUTS,2010,PT11,2,2433.0
2002,NUTS,2010,PT11,2,2706.0
2003,NUTS,2010,PT11,2,2978.0
2004,NUTS,2010,PT11,2,3047.0
2005,NUTS,2010,PT11,2,3115.0
2006,NUTS,2010,PT11,2,3434.0
2007,NUTS,2010,PT11,2,3752.0
2008,NUTS,2010,PT11,2,6536.0
2009,NUTS,2010,PT11,2,7164.0
2010,NUTS,2010,PT11,2,7146.0
2011,NUTS,2010,PT11,2,7518.0
2012,NUTS,2010,PT11,2,7236.0
2013,NUTS,2010,PT11,2,8857.0
2014,NUTS,2010,PT11,2,8564.0
2015,NUTS,2010,PT11,2,8458.0
2016,NUTS,2010,PT11,2,9070.0
2017,NUTS,2010,PT11,2,9628.0
2018,NUTS,2010,PT11,2,10186.0
2019,NUTS,2010,PT11,2,10336.0
2020,NUTS,2010,PT11,2,10801.0
1988,NUTS,2010,PT15,2,31.0
1990,NUTS,2010,PT15,2,43.0
1992,NUTS,2010,PT15,2,96.0
1995,NUTS,2010,PT15,2,153.0
1997,NUTS,2010,PT15,2,270.0
1999,NUTS,2010,PT15,2,267.0
2000,NUTS,2010,PT15,2,301.0
2001,NUTS,2010,PT15,2,336.0
2002,NUTS,2010,PT15,2,355.0
2003,NUTS,2010,PT15,2,374.0
2004,NUTS,2010,PT15,2,372.0
2005,NUTS,2010,PT15,2,370.0
2006,NUTS,2010,PT15,2,423.0
2007,NUTS,2010,PT15,2,477.0
2008,NUTS,2010,PT15,2,861.0
2009,NUTS,2010,PT15,2,843.0
2010,NUTS,2010,PT15,2,711.0
2011,NUTS,2010,PT15,2,719.0
2012,NUTS,2010,PT15,2,632.0
2013,NUTS,2010,PT15,2,622.0
2014,NUTS,2010,PT15,2,686.0
2015,NUTS,2010,PT15,2,664.0
2016,NUTS,2010,PT15,2,683.0
2017,NUTS,2010,PT15,2,613.0
2018,NUTS,2010,PT15,2,647.0
2019,NUTS,2010,PT15,2,712.0
2020,NUTS,2010,PT15,2,675.0
2000,NUTS,2010,PT16,2,2097.0
2001,NUTS,2010,PT16,2,2253.0
2002,NUTS,2010,PT16,2,2313.0
2003,NUTS,2010,PT16,2,2373.0
2004,NUTS,2010,PT16,2,2430.0
2005,NUTS,2010,PT16,2,2488.0
2006,NUTS,2010,PT16,2,2749.0
2007,NUTS,2010,PT16,2,3011.0
2008,NUTS,2010,PT16,2,5298.0
2009,NUTS,2010,PT16,2,5046.0
2010,NUTS,2010,PT16,2,5226.0
2011,NUTS,2010,PT16,2,5120.0
2012,NUTS,2010,PT16,2,5172.0
2013,NUTS,2010,PT16,2,5595.0
2014,NUTS,2010,PT16,2,5248.0
2015,NUTS,2010,PT16,2,5146.0
2016,NUTS,2010,PT16,2,5325.0
2017,NUTS,2010,PT16,2,5755.0
2018,NUTS,2010,PT16,2,6120.0
2019,NUTS,2010,PT16,2,6071.0
2020,NUTS,2010,PT16,2,5983.0
2000,NUTS,2010,PT17,2,4222.0
2001,NUTS,2010,PT17,2,4416.0
2002,NUTS,2010,PT17,2,4519.0
2003,NUTS,2010,PT17,2,4623.0
2004,NUTS,2010,PT17,2,4784.0
2005,NUTS,2010,PT17,2,4945.0
2006,NUTS,2010,PT17,2,5429.0
2007,NUTS,2010,PT17,2,5913.0
2008,NUTS,2010,PT17,2,10307.0
2009,NUTS,2010,PT17,2,10619.0
2010,NUTS,2010,PT17,2,10871.0
2011,NUTS,2010,PT17,2,10069.0
2012,NUTS,2010,PT17,2,10440.0
2013,NUTS,2010,PT17,2,11601.0
2014,NUTS,2010,PT17,2,11344.0
2015,NUTS,2010,PT17,2,11668.0
2016,NUTS,2010,PT17,2,12066.0
2017,NUTS,2010,PT17,2,12866.0
2018,NUTS,2010,PT17,2,13254.0
2019,NUTS,2010,PT17,2,13226.0
2020,NUTS,2010,PT17,2,12879.0
2000,NUTS,2010,PT18,2,389.0
2001,NUTS,2010,PT18,2,414.0
2002,NUTS,2010,PT18,2,466.0
2003,NUTS,2010,PT18,2,519.0
2004,NUTS,2010,PT18,2,506.0
2005,NUTS,2010,PT18,2,492.0
2006,NUTS,2010,PT18,2,524.0
2007,NUTS,2010,PT18,2,556.0
2008,NUTS,2010,PT18,2,906.0
2009,NUTS,2010,PT18,2,889.0
2010,NUTS,2010,PT18,2,751.0
2011,NUTS,2010,PT18,2,698.0
2012,NUTS,2010,PT18,2,699.0
2013,NUTS,2010,PT18,2,643.0
2014,NUTS,2010,PT18,2,582.0
2015,NUTS,2010,PT18,2,635.0
2016,NUTS,2010,PT18,2,676.0
2017,NUTS,2010,PT18,2,732.0
2018,NUTS,2010,PT18,2,746.0
2019,NUTS,2010,PT18,2,749.0
2020,NUTS,2010,PT18,2,716.0
1988,NUTS,2010,PT2,1,53.0
1990,NUTS,2010,PT2,1,86.0
1992,NUTS,2010,PT2,1,72.0
1995,NUTS,2010,PT2,1,149.0
1997,NUTS,2010,PT2,1,151.0
1999,NUTS,2010,PT2,1,199.0
2000,NUTS,2010,PT2,1,226.0
2001,NUTS,2010,PT2,1,252.0
2002,NUTS,2010,PT2,1,228.0
2003,NUTS,2010,PT2,1,205.0
2004,NUTS,2010,PT2,1,195.0
2005,NUTS,2010,PT2,1,185.0
2006,NUTS,2010,PT2,1,187.0
2007,NUTS,2010,PT2,1,189.0
2008,NUTS,2010,PT2,1,289.0
2009,NUTS,2010,PT2,1,247.0
2010,NUTS,2010,PT2,1,215.0
2011,NUTS,2010,PT2,1,242.0
2012,NUTS,2010,PT2,1,200.0
2013,NUTS,2010,PT2,1,251.0
2014,NUTS,2010,PT2,1,252.0
2015,NUTS,2010,PT2,1,234.0
2016,NUTS,2010,PT2,1,236.0
2017,NUTS,2010,PT2,1,270.0
2018,NUTS,2010,PT2,1,263.0
2019,NUTS,2010,PT2,1,256.0
2020,NUTS,2010,PT2,1,248.0
1988,NUTS,2010,PT20,2,53.0
1990,NUTS,2010,PT20,2,86.0
1992,NUTS,2010,PT20,2,72.0
1995,NUTS,2010,PT20,2,149.0
1997,NUTS,2010,PT20,2,151.0
1999,NUTS,2010,PT20,2,199.0
2000,NUTS,2010,PT20,2,226.0
2001,NUTS,2010,PT20,2,252.0
2002,NUTS,2010,PT20,2,228.0
2003,NUTS,2010,PT20,2,205.0
2004,NUTS,2010,PT20,2,195.0
2005,NUTS,2010,PT20,2,185.0
2006,NUTS,2010,PT20,2,187.0
2007,NUTS,2010,PT20,2,189.0
2008,NUTS,2010,PT20,2,289.0
2009,NUTS,2010,PT20,2,247.0
2010,NUTS,2010,PT20,2,215.0
2011,NUTS,2010,PT20,2,242.0
2012,NUTS,2010,PT20,2,200.0
2013,NUTS,2010,PT20,2,251.0
2014,NUTS,2010,PT20,2,252.0
2015,NUTS,2010,PT20,2,234.0
2016,NUTS,2010,PT20,2,236.0
2017,NUTS,2010,PT20,2,270.0
2018,NUTS,2010,PT20,2,263.0
2019,NUTS,2010,PT20,2,256.0
2020,NUTS,2010,PT20,2,248.0
1988,NUTS,2010,PT3,1,6.0
1990,NUTS,2010,PT3,1,9.0
1992,NUTS,2010,PT3,1,18.0
1995,NUTS,2010,PT3,1,50.0
1997,NUTS,2010,PT3,1,80.0
1999,NUTS,2010,PT3,1,74.0
2000,NUTS,2010,PT3,1,72.0
2001,NUTS,2010,PT3,1,70.0
2002,NUTS,2010,PT3,1,73.0
2003,NUTS,2010,PT3,1,75.0
2004,NUTS,2010,PT3,1,80.0
2005,NUTS,2010,PT3,1,86.0
2006,NUTS,2010,PT3,1,107.0
2007,NUTS,2010,PT3,1,129.0
2008,NUTS,2010,PT3,1,214.0
2009,NUTS,2010,PT3,1,156.0
2010,NUTS,2010,PT3,1,171.0
2011,NUTS,2010,PT3,1,127.0
2012,NUTS,2010,PT3,1,134.0
2013,NUTS,2010,PT3,1,184.0
2014,NUTS,2010,PT3,1,194.0
2015,NUTS,2010,PT3,1,198.0
2016,NUTS,2010,PT3,1,209.0
2017,NUTS,2010,PT3,1,213.0
2018,NUTS,2010,PT3,1,233.0
2019,NUTS,2010,PT3,1,207.0
2020,NUTS,2010,PT3,1,203.0
1988,NUTS,2010,PT30,2,6.0
1990,NUTS,2010,PT30,2,9.0
1992,NUTS,2010,PT30,2,18.0
1995,NUTS,2010,PT30,2,50.0
1997,NUTS,2010,PT30,2,80.0
1999,NUTS,2010,PT30,2,74.0
2000,NUTS,2010,PT30,2,72.0
2001,NUTS,2010,PT30,2,70.0
2002,NUTS,2010,PT30,2,73.0
2003,NUTS,2010,PT30,2,75.0
2004,NUTS,2010,PT30,2,80.0
2005,NUTS,2010,PT30,2,86.0
2006,NUTS,2010,PT30,2,107.0
2007,NUTS,2010,PT30,2,129.0
2008,NUTS,2010,PT30,2,214.0
2009,NUTS,2010,PT30,2,156.0
2010,NUTS,2010,PT30,2,171.0
2011,NUTS,2010,PT30,2,127.0
2012,NUTS,2010,PT30,2,134.0
2013,NUTS,2010,PT30,2,184.0
2014,NUTS,2010,PT30,2,194.0
2015,NUTS,2010,PT30,2,198.0
2016,NUTS,2010,PT30,2,209.0
2017,NUTS,2010,PT30,2,213.0
2018,NUTS,2010,PT30,2,233.0
2019,NUTS,2010,PT30,2,207.0
2020,NUTS,2010,PT30,2,203.0
1993,NUTS,2010,RO,0,1991.0
1994,NUTS,2010,RO,0,1755.0
1995,NUTS,2010,RO,0,2349.0
1996,NUTS,2010,RO,0,3554.0
1997,NUTS,2010,RO,0,4318.0
1998,NUTS,2010,RO,0,5826.0
1999,NUTS,2010,RO,0,3315.0
2000,NUTS,2010,RO,0,3780.0
2001,NUTS,2010,RO,0,4288.0
2002,NUTS,2010,RO,0,5470.0
2003,NUTS,2010,RO,0,6537.0
2004,NUTS,2010,RO,0,6917.0
2005,NUTS,2010,RO,0,6803.0
2006,NUTS,2010,RO,0,7101.0
2007,NUTS,2010,RO,0,6931.0
2008,NUTS,2010,RO,0,8433.0
2009,NUTS,2010,RO,0,8824.0
2010,NUTS,2010,RO,0,9054.0
2011,NUTS,2010,RO,0,8879.0
2012,NUTS,2010,RO,0,8710.0
2013,NUTS,2010,RO,0,9523.0
2014,NUTS,2010,RO,0,8966.0
2015,NUTS,2010,RO,0,9008.0
2016,NUTS,2010,RO,0,8627.0
2017,NUTS,2010,RO,0,8416.0
2018,NUTS,2010,RO,0,7695.0
2019,NUTS,2010,RO,0,7600.0
2020,NUTS,2010,RO,0,8862.0
2001,NUTS,2010,RO1,1,990.0
2002,NUTS,2010,RO1,1,1559.0
2003,NUTS,2010,RO1,1,1059.0
2004,NUTS,2010,RO1,1,1554.0
2005,NUTS,2010,RO1,1,1180.0
2006,NUTS,2010,RO1,1,1550.0
2007,NUTS,2010,RO1,1,1891.0
2008,NUTS,2010,RO1,1,2364.0
2009,NUTS,2010,RO1,1,2322.0
2010,NUTS,2010,RO1,1,2809.0
2011,NUTS,2010,RO1,1,2792.0
2012,NUTS,2010,RO1,1,2567.0
2013,NUTS,2010,RO1,1,2358.0
2014,NUTS,2010,RO1,1,2226.0
2015,NUTS,2010,RO1,1,2071.0
2016,NUTS,2010,RO1,1,2005.0
2017,NUTS,2010,RO1,1,1996.0
2018,NUTS,2010,RO1,1,2311.0
2019,NUTS,2010,RO1,1,2437.0
2001,NUTS,2010,RO11,2,879.0
2002,NUTS,2010,RO11,2,1235.0
2003,NUTS,2010,RO11,2,500.0
2004,NUTS,2010,RO11,2,998.0
2005,NUTS,2010,RO11,2,738.0
2006,NUTS,2010,RO11,2,1099.0
2007,NUTS,2010,RO11,2,1335.0
2008,NUTS,2010,RO11,2,1535.0
2009,NUTS,2010,RO11,2,1550.0
2010,NUTS,2010,RO11,2,1472.0
2011,NUTS,2010,RO11,2,1084.0
2012,NUTS,2010,RO11,2,881.0
2013,NUTS,2010,RO11,2,827.0
2014,NUTS,2010,RO11,2,1034.0
2015,NUTS,2010,RO11,2,851.0
2016,NUTS,2010,RO11,2,807.0
2017,NUTS,2010,RO11,2,763.0
2018,NUTS,2010,RO11,2,828.0
2019,NUTS,2010,RO11,2,911.0
2001,NUTS,2010,RO12,2,111.0
2002,NUTS,2010,RO12,2,324.0
2003,NUTS,2010,RO12,2,559.0
2004,NUTS,2010,RO12,2,556.0
2005,NUTS,2010,RO12,2,442.0
2006,NUTS,2010,RO12,2,451.0
2007,NUTS,2010,RO12,2,556.0
2008,NUTS,2010,RO12,2,829.0
2009,NUTS,2010,RO12,2,772.0
2010,NUTS,2010,RO12,2,1337.0
2011,NUTS,2010,RO12,2,1708.0
2012,NUTS,2010,RO12,2,1686.0
2013,NUTS,2010,RO12,2,1531.0
2014,NUTS,2010,RO12,2,1192.0
2015,NUTS,2010,RO12,2,1220.0
2016,NUTS,2010,RO12,2,1198.0
2017,NUTS,2010,RO12,2,1233.0
2018,NUTS,2010,RO12,2,1483.0
2019,NUTS,2010,RO12,2,1526.0
2001,NUTS,2010,RO2,1,1435.0
2002,NUTS,2010,RO2,1,1248.0
2003,NUTS,2010,RO2,1,990.0
2004,NUTS,2010,RO2,1,1135.0
2005,NUTS,2010,RO2,1,833.0
2006,NUTS,2010,RO2,1,1042.0
2007,NUTS,2010,RO2,1,1328.0
2008,NUTS,2010,RO2,1,1593.0
2009,NUTS,2010,RO2,1,1600.0
2010,NUTS,2010,RO2,1,1181.0
2011,NUTS,2010,RO2,1,1127.0
2012,NUTS,2010,RO2,1,1253.0
2013,NUTS,2010,RO2,1,1313.0
2014,NUTS,2010,RO2,1,1381.0
2015,NUTS,2010,RO2,1,1416.0
2016,NUTS,2010,RO2,1,1392.0
2017,NUTS,2010,RO2,1,1430.0
2018,NUTS,2010,RO2,1,1386.0
2019,NUTS,2010,RO2,1,1405.0
2001,NUTS,2010,RO21,2,1265.0
2002,NUTS,2010,RO21,2,1068.0
2003,NUTS,2010,RO21,2,810.0
2004,NUTS,2010,RO21,2,876.0
2005,NUTS,2010,RO21,2,647.0
2006,NUTS,2010,RO21,2,802.0
2007,NUTS,2010,RO21,2,998.0
2008,NUTS,2010,RO21,2,1371.0
2009,NUTS,2010,RO21,2,1237.0
2010,NUTS,2010,RO21,2,919.0
2011,NUTS,2010,RO21,2,847.0
2012,NUTS,2010,RO21,2,963.0
2013,NUTS,2010,RO21,2,1061.0
2014,NUTS,2010,RO21,2,1151.0
2015,NUTS,2010,RO21,2,1158.0
2016,NUTS,2010,RO21,2,1050.0
2017,NUTS,2010,RO21,2,1026.0
2018,NUTS,2010,RO21,2,907.0
2019,NUTS,2010,RO21,2,997.0
2001,NUTS,2010,RO22,2,170.0
2002,NUTS,2010,RO22,2,180.0
2003,NUTS,2010,RO22,2,180.0
2004,NUTS,2010,RO22,2,259.0
2005,NUTS,2010,RO22,2,186.0
2006,NUTS,2010,RO22,2,240.0
2007,NUTS,2010,RO22,2,330.0
2008,NUTS,2010,RO22,2,222.0
2009,NUTS,2010,RO22,2,363.0
2010,NUTS,2010,RO22,2,262.0
2011,NUTS,2010,RO22,2,280.0
2012,NUTS,2010,RO22,2,290.0
2013,NUTS,2010,RO22,2,252.0
2014,NUTS,2010,RO22,2,230.0
2015,NUTS,2010,RO22,2,258.0
2016,NUTS,2010,RO22,2,342.0
2017,NUTS,2010,RO22,2,404.0
2018,NUTS,2010,RO22,2,479.0
2019,NUTS,2010,RO22,2,408.0
2001,NUTS,2010,RO3,1,1326.0
2002,NUTS,2010,RO3,1,1810.0
2003,NUTS,2010,RO3,1,3122.0
2004,NUTS,2010,RO3,1,2891.0
2005,NUTS,2010,RO3,1,4022.0
2006,NUTS,2010,RO3,1,3491.0
2007,NUTS,2010,RO3,1,2644.0
2008,NUTS,2010,RO3,1,3499.0
2009,NUTS,2010,RO3,1,3569.0
2010,NUTS,2010,RO3,1,3234.0
2011,NUTS,2010,RO3,1,2175.0
2012,NUTS,2010,RO3,1,2398.0
2013,NUTS,2010,RO3,1,3208.0
2014,NUTS,2010,RO3,1,2899.0
2015,NUTS,2010,RO3,1,3449.0
2016,NUTS,2010,RO3,1,3349.0
2017,NUTS,2010,RO3,1,3125.0
2018,NUTS,2010,RO3,1,2942.0
2019,NUTS,2010,RO3,1,2791.0
2001,NUTS,2010,RO31,2,15.0
2002,NUTS,2010,RO31,2,93.0
2003,NUTS,2010,RO31,2,273.0
2004,NUTS,2010,RO31,2,247.0
2005,NUTS,2010,RO31,2,222.0
2006,NUTS,2010,RO31,2,328.0
2007,NUTS,2010,RO31,2,361.0
2008,NUTS,2010,RO31,2,292.0
2009,NUTS,2010,RO31,2,305.0
2010,NUTS,2010,RO31,2,259.0
2011,NUTS,2010,RO31,2,206.0
2012,NUTS,2010,RO31,2,211.0
2013,NUTS,2010,RO31,2,207.0
2014,NUTS,2010,RO31,2,200.0
2015,NUTS,2010,RO31,2,221.0
2016,NUTS,2010,RO31,2,220.0
2017,NUTS,2010,RO31,2,152.0
2018,NUTS,2010,RO31,2,162.0
2019,NUTS,2010,RO31,2,162.0
2001,NUTS,2010,RO32,2,1311.0
2002,NUTS,2010,RO32,2,1717.0
2003,NUTS,2010,RO32,2,2849.0
2004,NUTS,2010,RO32,2,2644.0
2005,NUTS,2010,RO32,2,3800.0
2006,NUTS,2010,RO32,2,3163.0
2007,NUTS,2010,RO32,2,2283.0
2008,NUTS,2010,RO32,2,3207.0
2009,NUTS,2010,RO32,2,3264.0
2010,NUTS,2010,RO32,2,2975.0
2011,NUTS,2010,RO32,2,1969.0
2012,NUTS,2010,RO32,2,2187.0
2013,NUTS,2010,RO32,2,3001.0
2014,NUTS,2010,RO32,2,2699.0
2015,NUTS,2010,RO32,2,3228.0
2016,NUTS,2010,RO32,2,3129.0
2017,NUTS,2010,RO32,2,2973.0
2018,NUTS,2010,RO32,2,2780.0
2019,NUTS,2010,RO32,2,2629.0
2001,NUTS,2010,RO4,1,537.0
2002,NUTS,2010,RO4,1,853.0
2003,NUTS,2010,RO4,1,1366.0
2004,NUTS,2010,RO4,1,1337.0
2005,NUTS,2010,RO4,1,768.0
2006,NUTS,2010,RO4,1,1018.0
2007,NUTS,2010,RO4,1,1068.0
2008,NUTS,2010,RO4,1,977.0
2009,NUTS,2010,RO4,1,1333.0
2010,NUTS,2010,RO4,1,1830.0
2011,NUTS,2010,RO4,1,2785.0
2012,NUTS,2010,RO4,1,2492.0
2013,NUTS,2010,RO4,1,2644.0
2014,NUTS,2010,RO4,1,2460.0
2015,NUTS,2010,RO4,1,2072.0
2016,NUTS,2010,RO4,1,1881.0
2017,NUTS,2010,RO4,1,1865.0
2018,NUTS,2010,RO4,1,1056.0
2019,NUTS,2010,RO4,1,967.0
2001,NUTS,2010,RO41,2,306.0
2002,NUTS,2010,RO41,2,395.0
2003,NUTS,2010,RO41,2,473.0
2004,NUTS,2010,RO41,2,456.0
2005,NUTS,2010,RO41,2,447.0
2006,NUTS,2010,RO41,2,549.0
2007,NUTS,2010,RO41,2,505.0
2008,NUTS,2010,RO41,2,468.0
2009,NUTS,2010,RO41,2,477.0
2010,NUTS,2010,RO41,2,497.0
2011,NUTS,2010,RO41,2,1198.0
2012,NUTS,2010,RO41,2,1160.0
2013,NUTS,2010,RO41,2,1129.0
2014,NUTS,2010,RO41,2,802.0
2015,NUTS,2010,RO41,2,747.0
2016,NUTS,2010,RO41,2,752.0
2017,NUTS,2010,RO41,2,758.0
2018,NUTS,2010,RO41,2,179.0
2019,NUTS,2010,RO41,2,180.0
2001,NUTS,2010,RO42,2,231.0
2002,NUTS,2010,RO42,2,458.0
2003,NUTS,2010,RO42,2,893.0
2004,NUTS,2010,RO42,2,881.0
2005,NUTS,2010,RO42,2,321.0
2006,NUTS,2010,RO42,2,469.0
2007,NUTS,2010,RO42,2,563.0
2008,NUTS,2010,RO42,2,509.0
2009,NUTS,2010,RO42,2,856.0
2010,NUTS,2010,RO42,2,1333.0
2011,NUTS,2010,RO42,2,1587.0
2012,NUTS,2010,RO42,2,1332.0
2013,NUTS,2010,RO42,2,1515.0
2014,NUTS,2010,RO42,2,1658.0
2015,NUTS,2010,RO42,2,1325.0
2016,NUTS,2010,RO42,2,1129.0
2017,NUTS,2010,RO42,2,1107.0
2018,NUTS,2010,RO42,2,877.0
2019,NUTS,2010,RO42,2,787.0
2008,NUTS,2010,RS,0,10590.0
2009,NUTS,2010,RS,0,10565.0
2010,NUTS,2010,RS,0,11035.0
2011,NUTS,2010,RS,0,11668.0
2012,NUTS,2010,RS,0,11421.0
2013,NUTS,2010,RS,0,11808.0
2014,NUTS,2010,RS,0,11671.0
2015,NUTS,2010,RS,0,13081.0
2016,NUTS,2010,RS,0,12681.0
2017,NUTS,2010,RS,0,12463.0
2018,NUTS,2010,RS,0,12609.0
2019,NUTS,2010,RS,0,12234.0
2020,NUTS,2010,RS,0,12768.0
2018,NUTS,2010,RS1,1,9595.0
2019,NUTS,2010,RS1,1,9435.0
2020,NUTS,2010,RS1,1,10018.0
2018,NUTS,2010,RS11,2,6178.0
2019,NUTS,2010,RS11,2,6221.0
2020,NUTS,2010,RS11,2,6643.0
2018,NUTS,2010,RS12,2,3417.0
2019,NUTS,2010,RS12,2,3214.0
2020,NUTS,2010,RS12,2,3375.0
2018,NUTS,2010,RS2,1,3014.0
2019,NUTS,2010,RS2,1,2799.0
2020,NUTS,2010,RS2,1,2750.0
2018,NUTS,2010,RS21,2,1258.0
2019,NUTS,2010,RS21,2,1039.0
2020,NUTS,2010,RS21,2,1090.0
2018,NUTS,2010,RS22,2,1755.0
2019,NUTS,2010,RS22,2,1761.0
2020,NUTS,2010,RS22,2,1660.0
1994,NUTS,2010,RU,0,133170.0
1995,NUTS,2010,RU,0,116404.0
1996,NUTS,2010,RU,0,106344.0
1997,NUTS,2010,RU,0,102627.0
1998,NUTS,2010,RU,0,96507.0
1999,NUTS,2010,RU,0,102037.0
2000,NUTS,2010,RU,0,99552.0
2001,NUTS,2010,RU,0,103194.0
2002,NUTS,2010,RU,0,98239.0
2003,NUTS,2010,RU,0,99299.0
2004,NUTS,2010,RU,0,99402.0
2005,NUTS,2010,RU,0,97672.0
2006,NUTS,2010,RU,0,100990.0
2007,NUTS,2010,RU,0,105643.0
2008,NUTS,2010,RU,0,106816.0
2009,NUTS,2010,RU,0,106443.0
2010,NUTS,2010,RU,0,113353.0
2011,NUTS,2010,RU,0,121151.0
2012,NUTS,2010,RU,0,119360.0
2013,NUTS,2010,RU,0,118971.0
2014,NUTS,2010,RU,0,121526.0
2015,NUTS,2010,RU,0,121680.0
2017,NUTS,2010,RU,0,101628.0
2018,NUTS,2010,RU,0,107756.0
2019,NUTS,2010,RU,0,116732.0
1981,NUTS,2010,SE,0,11500.0
1983,NUTS,2010,SE,0,12300.0
1985,NUTS,2010,SE,0,13600.0
1987,NUTS,2010,SE,0,13700.0
1989,NUTS,2010,SE,0,17283.0
1991,NUTS,2010,SE,0,16810.0
1993,NUTS,2010,SE,0,17438.0
1995,NUTS,2010,SE,0,17301.0
1997,NUTS,2010,SE,0,18197.0
1999,NUTS,2010,SE,0,19175.0
2001,NUTS,2010,SE,0,19837.0
2003,NUTS,2010,SE,0,21495.0
2004,NUTS,2010,SE,0,21910.0
2005,NUTS,2010,SE,0,17686.0
2006,NUTS,2010,SE,0,17137.0
2007,NUTS,2010,SE,0,17525.0
2008,NUTS,2010,SE,0,17601.0
2009,NUTS,2010,SE,0,18857.0
2010,NUTS,2010,SE,0,19471.0
2011,NUTS,2010,SE,0,20010.0
2012,NUTS,2010,SE,0,21781.0
2013,NUTS,2010,SE,0,21004.0
2014,NUTS,2010,SE,0,22410.0
2015,NUTS,2010,SE,0,21435.0
2016,NUTS,2010,SE,0,21918.0
2017,NUTS,2010,SE,0,20196.0
2018,NUTS,2010,SE,0,19453.0
2019,NUTS,2010,SE,0,22080.0
2020,NUTS,2010,SE,0,21555.0
1993,NUTS,2010,SE1,1,9064.0
1995,NUTS,2010,SE1,1,9152.0
1997,NUTS,2010,SE1,1,9703.0
1999,NUTS,2010,SE1,1,10134.0
2001,NUTS,2010,SE1,1,10271.0
2005,NUTS,2010,SE1,1,9086.0
2007,NUTS,2010,SE1,1,8806.0
2009,NUTS,2010,SE1,1,9753.0
2011,NUTS,2010,SE1,1,10373.0
2013,NUTS,2010,SE1,1,10057.0
2015,NUTS,2010,SE1,1,10293.0
2017,NUTS,2010,SE1,1,10065.0
2019,NUTS,2010,SE1,1,10831.0
1993,NUTS,2010,SE11,2,4656.0
1995,NUTS,2010,SE11,2,4779.0
1997,NUTS,2010,SE11,2,4968.0
1999,NUTS,2010,SE11,2,5590.0
2001,NUTS,2010,SE11,2,5503.0
2005,NUTS,2010,SE11,2,4904.0
2007,NUTS,2010,SE11,2,4885.0
2009,NUTS,2010,SE11,2,5653.0
2011,NUTS,2010,SE11,2,5865.0
2013,NUTS,2010,SE11,2,5556.0
2015,NUTS,2010,SE11,2,5815.0
2017,NUTS,2010,SE11,2,5786.0
2019,NUTS,2010,SE11,2,5960.0
1993,NUTS,2010,SE12,2,4408.0
1995,NUTS,2010,SE12,2,4373.0
1997,NUTS,2010,SE12,2,4735.0
1999,NUTS,2010,SE12,2,4544.0
2001,NUTS,2010,SE12,2,4768.0
2005,NUTS,2010,SE12,2,4182.0
2007,NUTS,2010,SE12,2,3921.0
2009,NUTS,2010,SE12,2,4100.0
2011,NUTS,2010,SE12,2,4508.0
2013,NUTS,2010,SE12,2,4501.0
2015,NUTS,2010,SE12,2,4478.0
2017,NUTS,2010,SE12,2,4278.0
2019,NUTS,2010,SE12,2,4871.0
1993,NUTS,2010,SE2,1,6575.0
1995,NUTS,2010,SE2,1,5971.0
1997,NUTS,2010,SE2,1,6378.0
1999,NUTS,2010,SE2,1,6581.0
2001,NUTS,2010,SE2,1,6892.0
2005,NUTS,2010,SE2,1,6120.0
2007,NUTS,2010,SE2,1,6234.0
2009,NUTS,2010,SE2,1,6495.0
2011,NUTS,2010,SE2,1,6866.0
2013,NUTS,2010,SE2,1,6598.0
2015,NUTS,2010,SE2,1,6956.0
2017,NUTS,2010,SE2,1,6599.0
2019,NUTS,2010,SE2,1,7608.0
1993,NUTS,2010,SE21,2,118.0
1995,NUTS,2010,SE21,2,145.0
1997,NUTS,2010,SE21,2,199.0
1999,NUTS,2010,SE21,2,244.0
2001,NUTS,2010,SE21,2,411.0
2005,NUTS,2010,SE21,2,486.0
2007,NUTS,2010,SE21,2,551.0
2009,NUTS,2010,SE21,2,552.0
2011,NUTS,2010,SE21,2,490.0
2013,NUTS,2010,SE21,2,469.0
2015,NUTS,2010,SE21,2,497.0
2017,NUTS,2010,SE21,2,530.0
2019,NUTS,2010,SE21,2,607.0
1993,NUTS,2010,SE22,2,2989.0
1995,NUTS,2010,SE22,2,2861.0
1997,NUTS,2010,SE22,2,3012.0
1999,NUTS,2010,SE22,2,3206.0
2001,NUTS,2010,SE22,2,3221.0
2005,NUTS,2010,SE22,2,2802.0
2007,NUTS,2010,SE22,2,2608.0
2009,NUTS,2010,SE22,2,2757.0
2011,NUTS,2010,SE22,2,2994.0
2013,NUTS,2010,SE22,2,2888.0
2015,NUTS,2010,SE22,2,3036.0
2017,NUTS,2010,SE22,2,2695.0
2019,NUTS,2010,SE22,2,3247.0
1993,NUTS,2010,SE23,2,3468.0
1995,NUTS,2010,SE23,2,2965.0
1997,NUTS,2010,SE23,2,3167.0
1999,NUTS,2010,SE23,2,3131.0
2001,NUTS,2010,SE23,2,3260.0
2005,NUTS,2010,SE23,2,2832.0
2007,NUTS,2010,SE23,2,3075.0
2009,NUTS,2010,SE23,2,3185.0
2011,NUTS,2010,SE23,2,3383.0
2013,NUTS,2010,SE23,2,3242.0
2015,NUTS,2010,SE23,2,3424.0
2017,NUTS,2010,SE23,2,3374.0
2019,NUTS,2010,SE23,2,3753.0
1993,NUTS,2010,SE3,1,2127.0
1995,NUTS,2010,SE3,1,2179.0
1997,NUTS,2010,SE3,1,2117.0
1999,NUTS,2010,SE3,1,2461.0
2001,NUTS,2010,SE3,1,2674.0
2005,NUTS,2010,SE3,1,2480.0
2007,NUTS,2010,SE3,1,2485.0
2009,NUTS,2010,SE3,1,2609.0
2011,NUTS,2010,SE3,1,2770.0
2013,NUTS,2010,SE3,1,2449.0
2015,NUTS,2010,SE3,1,2786.0
2017,NUTS,2010,SE3,1,2432.0
2019,NUTS,2010,SE3,1,2636.0
1993,NUTS,2010,SE31,2,198.0
1995,NUTS,2010,SE31,2,274.0
1997,NUTS,2010,SE31,2,242.0
1999,NUTS,2010,SE31,2,308.0
2001,NUTS,2010,SE31,2,411.0
2005,NUTS,2010,SE31,2,394.0
2007,NUTS,2010,SE31,2,488.0
2009,NUTS,2010,SE31,2,425.0
2011,NUTS,2010,SE31,2,496.0
2013,NUTS,2010,SE31,2,411.0
2015,NUTS,2010,SE31,2,473.0
2017,NUTS,2010,SE31,2,516.0
2019,NUTS,2010,SE31,2,497.0
1993,NUTS,2010,SE32,2,69.0
1995,NUTS,2010,SE32,2,100.0
1997,NUTS,2010,SE32,2,143.0
1999,NUTS,2010,SE32,2,155.0
2001,NUTS,2010,SE32,2,184.0
2005,NUTS,2010,SE32,2,183.0
2007,NUTS,2010,SE32,2,153.0
2009,NUTS,2010,SE32,2,223.0
2011,NUTS,2010,SE32,2,251.0
2013,NUTS,2010,SE32,2,211.0
2015,NUTS,2010,SE32,2,193.0
2017,NUTS,2010,SE32,2,210.0
2019,NUTS,2010,SE32,2,231.0
1993,NUTS,2010,SE33,2,1860.0
1995,NUTS,2010,SE33,2,1805.0
1997,NUTS,2010,SE33,2,1732.0
1999,NUTS,2010,SE33,2,1998.0
2001,NUTS,2010,SE33,2,2079.0
2005,NUTS,2010,SE33,2,1903.0
2007,NUTS,2010,SE33,2,1844.0
2009,NUTS,2010,SE33,2,1961.0
2011,NUTS,2010,SE33,2,2023.0
2013,NUTS,2010,SE33,2,1827.0
2015,NUTS,2010,SE33,2,2121.0
2017,NUTS,2010,SE33,2,1706.0
2019,NUTS,2010,SE33,2,1908.0
1993,NUTS,2010,SI,0,2725.0
1994,NUTS,2010,SI,0,2898.0
1995,NUTS,2010,SI,0,3022.0
1996,NUTS,2010,SI,0,1969.0
1997,NUTS,2010,SI,0,1443.0
1998,NUTS,2010,SI,0,1516.0
1999,NUTS,2010,SI,0,1606.0
2000,NUTS,2010,SI,0,1746.0
2001,NUTS,2010,SI,0,1783.0
2002,NUTS,2010,SI,0,1651.0
2003,NUTS,2010,SI,0,1429.0
2004,NUTS,2010,SI,0,1482.0
2005,NUTS,2010,SI,0,2099.0
2006,NUTS,2010,SI,0,2116.0
2007,NUTS,2010,SI,0,1950.0
2008,NUTS,2010,SI,0,2106.0
2009,NUTS,2010,SI,0,2354.0
2010,NUTS,2010,SI,0,2727.0
2011,NUTS,2010,SI,0,3003.0
2012,NUTS,2010,SI,0,2926.0
2013,NUTS,2010,SI,0,2805.0
2014,NUTS,2010,SI,0,2667.0
2015,NUTS,2010,SI,0,2555.0
2016,NUTS,2010,SI,0,2321.0
2017,NUTS,2010,SI,0,2395.0
2018,NUTS,2010,SI,0,2659.0
2019,NUTS,2010,SI,0,2888.0
2020,NUTS,2010,SI,0,2766.0
1993,NUTS,2010,SI0,1,2725.0
1994,NUTS,2010,SI0,1,2898.0
1995,NUTS,2010,SI0,1,3022.0
1996,NUTS,2010,SI0,1,1969.0
1997,NUTS,2010,SI0,1,1443.0
1998,NUTS,2010,SI0,1,1516.0
1999,NUTS,2010,SI0,1,1606.0
2000,NUTS,2010,SI0,1,1746.0
2001,NUTS,2010,SI0,1,1783.0
2002,NUTS,2010,SI0,1,1651.0
2003,NUTS,2010,SI0,1,1429.0
2004,NUTS,2010,SI0,1,1482.0
2005,NUTS,2010,SI0,1,2099.0
2006,NUTS,2010,SI0,1,2116.0
2007,NUTS,2010,SI0,1,1950.0
2008,NUTS,2010,SI0,1,2106.0
2009,NUTS,2010,SI0,1,2354.0
2010,NUTS,2010,SI0,1,2727.0
2011,NUTS,2010,SI0,1,3003.0
2012,NUTS,2010,SI0,1,2926.0
2013,NUTS,2010,SI0,1,2805.0
2014,NUTS,2010,SI0,1,2667.0
2015,NUTS,2010,SI0,1,2555.0
2016,NUTS,2010,SI0,1,2321.0
2017,NUTS,2010,SI0,1,2395.0
2018,NUTS,2010,SI0,1,2659.0
2019,NUTS,2010,SI0,1,2888.0
2013,NUTS,2010,SI03,2,589.0
2014,NUTS,2010,SI03,2,576.0
2015,NUTS,2010,SI03,2,500.0
2016,NUTS,2010,SI03,2,381.0
2017,NUTS,2010,SI03,2,371.0
2018,NUTS,2010,SI03,2,415.0
2019,NUTS,2010,SI03,2,467.0
2013,NUTS,2010,SI04,2,2216.0
2014,NUTS,2010,SI04,2,2091.0
2015,NUTS,2010,SI04,2,2055.0
2016,NUTS,2010,SI04,2,1940.0
2017,NUTS,2010,SI04,2,2024.0
2018,NUTS,2010,SI04,2,2244.0
2019,NUTS,2010,SI04,2,2420.0
1994,NUTS,2010,SK,0,4285.0
1995,NUTS,2010,SK,0,4543.0
1996,NUTS,2010,SK,0,4521.0
1997,NUTS,2010,SK,0,5041.0
1998,NUTS,2010,SK,0,5514.0
1999,NUTS,2010,SK,0,5063.0
2000,NUTS,2010,SK,0,5860.0
2001,NUTS,2010,SK,0,5679.0
2002,NUTS,2010,SK,0,5339.0
2003,NUTS,2010,SK,0,5857.0
2004,NUTS,2010,SK,0,7285.0
2005,NUTS,2010,SK,0,7146.0
2006,NUTS,2010,SK,0,8138.0
2007,NUTS,2010,SK,0,8493.0
2008,NUTS,2010,SK,0,8609.0
2009,NUTS,2010,SK,0,9360.0
2010,NUTS,2010,SK,0,10535.0
2011,NUTS,2010,SK,0,10712.0
2012,NUTS,2010,SK,0,10124.0
2013,NUTS,2010,SK,0,9969.0
2014,NUTS,2010,SK,0,9297.0
2015,NUTS,2010,SK,0,8815.0
2016,NUTS,2010,SK,0,8623.0
2017,NUTS,2010,SK,0,9056.0
2018,NUTS,2010,SK,0,9620.0
2019,NUTS,2010,SK,0,9996.0
2020,NUTS,2010,SK,0,10234.0
2000,NUTS,2010,SK01,2,3001.0
2001,NUTS,2010,SK01,2,2720.0
2002,NUTS,2010,SK01,2,2691.0
2003,NUTS,2010,SK01,2,2989.0
2004,NUTS,2010,SK01,2,3939.0
2005,NUTS,2010,SK01,2,3548.0
2006,NUTS,2010,SK01,2,4267.0
2007,NUTS,2010,SK01,2,4249.0
2008,NUTS,2010,SK01,2,4152.0
2009,NUTS,2010,SK01,2,4539.0
2010,NUTS,2010,SK01,2,5704.0
2011,NUTS,2010,SK01,2,5837.0
2012,NUTS,2010,SK01,2,5254.0
2013,NUTS,2010,SK01,2,4614.0
2014,NUTS,2010,SK01,2,4331.0
2015,NUTS,2010,SK01,2,4081.0
2016,NUTS,2010,SK01,2,3816.0
2017,NUTS,2010,SK01,2,4014.0
2018,NUTS,2010,SK01,2,4386.0
2019,NUTS,2010,SK01,2,4567.0
2020,NUTS,2010,SK01,2,4752.0
2000,NUTS,2010,SK02,2,648.0
2001,NUTS,2010,SK02,2,774.0
2002,NUTS,2010,SK02,2,602.0
2003,NUTS,2010,SK02,2,745.0
2004,NUTS,2010,SK02,2,909.0
2005,NUTS,2010,SK02,2,1028.0
2006,NUTS,2010,SK02,2,1078.0
2007,NUTS,2010,SK02,2,1274.0
2008,NUTS,2010,SK02,2,1238.0
2009,NUTS,2010,SK02,2,1451.0
2010,NUTS,2010,SK02,2,1551.0
2011,NUTS,2010,SK02,2,1555.0
2012,NUTS,2010,SK02,2,1521.0
2013,NUTS,2010,SK02,2,1947.0
2014,NUTS,2010,SK02,2,1611.0
2015,NUTS,2010,SK02,2,1524.0
2016,NUTS,2010,SK02,2,1471.0
2017,NUTS,2010,SK02,2,1720.0
2018,NUTS,2010,SK02,2,1673.0
2019,NUTS,2010,SK02,2,1674.0
2020,NUTS,2010,SK02,2,1769.0
2000,NUTS,2010,SK03,2,814.0
2001,NUTS,2010,SK03,2,749.0
2002,NUTS,2010,SK03,2,746.0
2003,NUTS,2010,SK03,2,881.0
2004,NUTS,2010,SK03,2,1011.0
2005,NUTS,2010,SK03,2,996.0
2006,NUTS,2010,SK03,2,1089.0
2007,NUTS,2010,SK03,2,1044.0
2008,NUTS,2010,SK03,2,1259.0
2009,NUTS,2010,SK03,2,1450.0
2010,NUTS,2010,SK03,2,1457.0
2011,NUTS,2010,SK03,2,1448.0
2012,NUTS,2010,SK03,2,1366.0
2013,NUTS,2010,SK03,2,1298.0
2014,NUTS,2010,SK03,2,1349.0
2015,NUTS,2010,SK03,2,1287.0
2016,NUTS,2010,SK03,2,1402.0
2017,NUTS,2010,SK03,2,1390.0
2018,NUTS,2010,SK03,2,1463.0
2019,NUTS,2010,SK03,2,1598.0
2020,NUTS,2010,SK03,2,1530.0
2000,NUTS,2010,SK04,2,1397.0
2001,NUTS,2010,SK04,2,1435.0
2002,NUTS,2010,SK04,2,1301.0
2003,NUTS,2010,SK04,2,1242.0
2004,NUTS,2010,SK04,2,1426.0
2005,NUTS,2010,SK04,2,1574.0
2006,NUTS,2010,SK04,2,1705.0
2007,NUTS,2010,SK04,2,1926.0
2008,NUTS,2010,SK04,2,1960.0
2009,NUTS,2010,SK04,2,1921.0
2010,NUTS,2010,SK04,2,1823.0
2011,NUTS,2010,SK04,2,1873.0
2012,NUTS,2010,SK04,2,1983.0
2013,NUTS,2010,SK04,2,2110.0
2014,NUTS,2010,SK04,2,2006.0
2015,NUTS,2010,SK04,2,1924.0
2016,NUTS,2010,SK04,2,1934.0
2017,NUTS,2010,SK04,2,1933.0
2018,NUTS,2010,SK04,2,2098.0
2019,NUTS,2010,SK04,2,2157.0
2020,NUTS,2010,SK04,2,2183.0
2001,NUTS,2010,TR,0,16798.0
2002,NUTS,2010,TR,0,17544.0
2003,NUTS,2010,TR,0,24226.0
2004,NUTS,2010,TR,0,24742.0
2005,NUTS,2010,TR,0,25434.0
2006,NUTS,2010,TR,0,26713.0
2007,NUTS,2010,TR,0,29543.0
2008,NUTS,2010,TR,0,29912.0
2009,NUTS,2010,TR,0,31037.0
2010,NUTS,2010,TR,0,32913.0
2011,NUTS,2010,TR,0,35644.0
2012,NUTS,2010,TR,0,40801.0
2013,NUTS,2010,TR,0,42574.0
2014,NUTS,2010,TR,0,41269.0
2015,NUTS,2010,TR,0,43293.0
2016,NUTS,2010,TR,0,52576.0
2017,NUTS,2010,TR,0,54289.0
2018,NUTS,2010,TR,0,56364.0
2019,NUTS,2010,TR,0,59031.0
2020,NUTS,2010,TR,0,59653.0
1981,NUTS,2010,UK,0,52000.0
1982,NUTS,2010,UK,0,52000.0
1983,NUTS,2010,UK,0,51000.0
1984,NUTS,2010,UK,0,51000.0
1985,NUTS,2010,UK,0,52000.0
1986,NUTS,2010,UK,0,52000.0
1987,NUTS,2010,UK,0,53000.0
1988,NUTS,2010,UK,0,55000.0
1989,NUTS,2010,UK,0,55000.0
1990,NUTS,2010,UK,0,57000.0
1991,NUTS,2010,UK,0,59000.0
1992,NUTS,2010,UK,0,62000.0
1993,NUTS,2010,UK,0,66000.0
2005,NUTS,2010,UK,0,152634.0
2006,NUTS,2010,UK,0,158109.0
2007,NUTS,2010,UK,0,161492.0
2008,NUTS,2010,UK,0,163529.0
2009,NUTS,2010,UK,0,168936.0
2010,NUTS,2010,UK,0,170446.0
2011,NUTS,2010,UK,0,175185.0
2012,NUTS,2010,UK,0,173499.0
2013,NUTS,2010,UK,0,177767.0
2014,NUTS,2010,UK,0,183023.0
2015,NUTS,2010,UK,0,186724.0
2016,NUTS,2010,UK,0,186770.0
2017,NUTS,2010,UK,0,190078.0
2018,NUTS,2010,UK,0,190526.0
2019,NUTS,2010,UK,0,191795.0
2005,NUTS,2010,UKC,1,6629.0
2006,NUTS,2010,UKC,1,6632.0
2007,NUTS,2010,UKC,1,6770.0
2008,NUTS,2010,UKC,1,7005.0
2009,NUTS,2010,UKC,1,7070.0
2010,NUTS,2010,UKC,1,6967.0
2011,NUTS,2010,UKC,1,7114.0
2012,NUTS,2010,UKC,1,7058.0
2013,NUTS,2010,UKC,1,7252.0
2014,NUTS,2010,UKC,1,7589.0
2015,NUTS,2010,UKC,1,7655.0
2016,NUTS,2010,UKC,1,7613.0
2017,NUTS,2010,UKC,1,7783.0
2018,NUTS,2010,UKC,1,7825.0
2005,NUTS,2010,UKC1,2,2190.0
2006,NUTS,2010,UKC1,2,2242.0
2007,NUTS,2010,UKC1,2,2367.0
2008,NUTS,2010,UKC1,2,2544.0
2009,NUTS,2010,UKC1,2,2761.0
2010,NUTS,2010,UKC1,2,2693.0
2011,NUTS,2010,UKC1,2,2599.0
2012,NUTS,2010,UKC1,2,2491.0
2013,NUTS,2010,UKC1,2,2563.0
2014,NUTS,2010,UKC1,2,2669.0
2015,NUTS,2010,UKC1,2,2719.0
2016,NUTS,2010,UKC1,2,2677.0
2017,NUTS,2010,UKC1,2,2683.0
2018,NUTS,2010,UKC1,2,2742.0
2005,NUTS,2010,UKC2,2,4439.0
2006,NUTS,2010,UKC2,2,4389.0
2007,NUTS,2010,UKC2,2,4403.0
2008,NUTS,2010,UKC2,2,4461.0
2009,NUTS,2010,UKC2,2,4309.0
2010,NUTS,2010,UKC2,2,4274.0
2011,NUTS,2010,UKC2,2,4515.0
2012,NUTS,2010,UKC2,2,4567.0
2013,NUTS,2010,UKC2,2,4689.0
2014,NUTS,2010,UKC2,2,4920.0
2015,NUTS,2010,UKC2,2,4936.0
2016,NUTS,2010,UKC2,2,4935.0
2017,NUTS,2010,UKC2,2,5099.0
2018,NUTS,2010,UKC2,2,5083.0
2005,NUTS,2010,UKD,1,14477.0
2006,NUTS,2010,UKD,1,15090.0
2007,NUTS,2010,UKD,1,15633.0
2008,NUTS,2010,UKD,1,15423.0
2009,NUTS,2010,UKD,1,16022.0
2010,NUTS,2010,UKD,1,15449.0
2011,NUTS,2010,UKD,1,15354.0
2012,NUTS,2010,UKD,1,15673.0
2013,NUTS,2010,UKD,1,16181.0
2014,NUTS,2010,UKD,1,16666.0
2015,NUTS,2010,UKD,1,17244.0
2016,NUTS,2010,UKD,1,17624.0
2017,NUTS,2010,UKD,1,18403.0
2018,NUTS,2010,UKD,1,18578.0
2005,NUTS,2010,UKD1,2,202.0
2006,NUTS,2010,UKD1,2,217.0
2007,NUTS,2010,UKD1,2,287.0
2008,NUTS,2010,UKD1,2,285.0
2009,NUTS,2010,UKD1,2,271.0
2010,NUTS,2010,UKD1,2,248.0
2011,NUTS,2010,UKD1,2,182.0
2012,NUTS,2010,UKD1,2,164.0
2013,NUTS,2010,UKD1,2,157.0
2014,NUTS,2010,UKD1,2,185.0
2015,NUTS,2010,UKD1,2,194.0
2016,NUTS,2010,UKD1,2,196.0
2017,NUTS,2010,UKD1,2,189.0
2018,NUTS,2010,UKD1,2,183.0
2005,NUTS,2010,UKD3,2,8049.0
2006,NUTS,2010,UKD3,2,8597.0
2007,NUTS,2010,UKD3,2,8860.0
2008,NUTS,2010,UKD3,2,8596.0
2009,NUTS,2010,UKD3,2,8876.0
2010,NUTS,2010,UKD3,2,8623.0
2011,NUTS,2010,UKD3,2,2544.0
2012,NUTS,2010,UKD3,2,8698.0
2013,NUTS,2010,UKD3,2,8832.0
2014,NUTS,2010,UKD3,2,9022.0
2015,NUTS,2010,UKD3,2,9157.0
2016,NUTS,2010,UKD3,2,9191.0
2017,NUTS,2010,UKD3,2,9558.0
2018,NUTS,2010,UKD3,2,9604.0
2005,NUTS,2010,UKD4,2,2375.0
2006,NUTS,2010,UKD4,2,2374.0
2007,NUTS,2010,UKD4,2,2363.0
2008,NUTS,2010,UKD4,2,2403.0
2009,NUTS,2010,UKD4,2,2629.0
2010,NUTS,2010,UKD4,2,2652.0
2011,NUTS,2010,UKD4,2,328.0
2012,NUTS,2010,UKD4,2,2688.0
2013,NUTS,2010,UKD4,2,2819.0
2014,NUTS,2010,UKD4,2,2948.0
2015,NUTS,2010,UKD4,2,3109.0
2016,NUTS,2010,UKD4,2,3159.0
2017,NUTS,2010,UKD4,2,3332.0
2018,NUTS,2010,UKD4,2,3353.0
2009,NUTS,2010,UKD6,2,365.0
2010,NUTS,2010,UKD6,2,325.0
2011,NUTS,2010,UKD6,2,8676.0
2012,NUTS,2010,UKD6,2,355.0
2013,NUTS,2010,UKD6,2,399.0
2014,NUTS,2010,UKD6,2,379.0
2015,NUTS,2010,UKD6,2,452.0
2016,NUTS,2010,UKD6,2,465.0
2017,NUTS,2010,UKD6,2,464.0
2018,NUTS,2010,UKD6,2,487.0
2009,NUTS,2010,UKD7,2,3881.0
2010,NUTS,2010,UKD7,2,3601.0
2011,NUTS,2010,UKD7,2,3625.0
2012,NUTS,2010,UKD7,2,3769.0
2013,NUTS,2010,UKD7,2,3974.0
2014,NUTS,2010,UKD7,2,4133.0
2015,NUTS,2010,UKD7,2,4332.0
2016,NUTS,2010,UKD7,2,4615.0
2017,NUTS,2010,UKD7,2,4860.0
2018,NUTS,2010,UKD7,2,4951.0
2005,NUTS,2010,UKE,1,12629.0
2006,NUTS,2010,UKE,1,12724.0
2007,NUTS,2010,UKE,1,13073.0
2008,NUTS,2010,UKE,1,12688.0
2009,NUTS,2010,UKE,1,12975.0
2010,NUTS,2010,UKE,1,13296.0
2011,NUTS,2010,UKE,1,13972.0
2012,NUTS,2010,UKE,1,14115.0
2013,NUTS,2010,UKE,1,14771.0
2014,NUTS,2010,UKE,1,15620.0
2015,NUTS,2010,UKE,1,16489.0
2016,NUTS,2010,UKE,1,16068.0
2017,NUTS,2010,UKE,1,16277.0
2018,NUTS,2010,UKE,1,16333.0
2005,NUTS,2010,UKE1,2,892.0
2006,NUTS,2010,UKE1,2,893.0
2007,NUTS,2010,UKE1,2,863.0
2008,NUTS,2010,UKE1,2,864.0
2009,NUTS,2010,UKE1,2,939.0
2010,NUTS,2010,UKE1,2,1045.0
2011,NUTS,2010,UKE1,2,1042.0
2012,NUTS,2010,UKE1,2,1104.0
2013,NUTS,2010,UKE1,2,1128.0
2014,NUTS,2010,UKE1,2,1154.0
2015,NUTS,2010,UKE1,2,1132.0
2016,NUTS,2010,UKE1,2,1054.0
2017,NUTS,2010,UKE1,2,922.0
2018,NUTS,2010,UKE1,2,792.0
2005,NUTS,2010,UKE2,2,1897.0
2006,NUTS,2010,UKE2,2,1964.0
2007,NUTS,2010,UKE2,2,2011.0
2008,NUTS,2010,UKE2,2,2044.0
2009,NUTS,2010,UKE2,2,2098.0
2010,NUTS,2010,UKE2,2,2087.0
2011,NUTS,2010,UKE2,2,2111.0
2012,NUTS,2010,UKE2,2,2138.0
2013,NUTS,2010,UKE2,2,2250.0
2014,NUTS,2010,UKE2,2,2398.0
2015,NUTS,2010,UKE2,2,2484.0
2016,NUTS,2010,UKE2,2,2508.0
2017,NUTS,2010,UKE2,2,2579.0
2018,NUTS,2010,UKE2,2,2652.0
2005,NUTS,2010,UKE3,2,4426.0
2006,NUTS,2010,UKE3,2,4386.0
2007,NUTS,2010,UKE3,2,4517.0
2008,NUTS,2010,UKE3,2,4004.0
2009,NUTS,2010,UKE3,2,4031.0
2010,NUTS,2010,UKE3,2,4565.0
2011,NUTS,2010,UKE3,2,4872.0
2012,NUTS,2010,UKE3,2,5034.0
2013,NUTS,2010,UKE3,2,5304.0
2014,NUTS,2010,UKE3,2,5544.0
2015,NUTS,2010,UKE3,2,5727.0
2016,NUTS,2010,UKE3,2,5655.0
2017,NUTS,2010,UKE3,2,5720.0
2018,NUTS,2010,UKE3,2,5807.0
2005,NUTS,2010,UKE4,2,5415.0
2006,NUTS,2010,UKE4,2,5482.0
2007,NUTS,2010,UKE4,2,5681.0
2008,NUTS,2010,UKE4,2,5776.0
2009,NUTS,2010,UKE4,2,5907.0
2010,NUTS,2010,UKE4,2,5599.0
2011,NUTS,2010,UKE4,2,5946.0
2012,NUTS,2010,UKE4,2,5839.0
2013,NUTS,2010,UKE4,2,6089.0
2014,NUTS,2010,UKE4,2,6524.0
2015,NUTS,2010,UKE4,2,7146.0
2016,NUTS,2010,UKE4,2,6851.0
2017,NUTS,2010,UKE4,2,7056.0
2018,NUTS,2010,UKE4,2,7082.0
2005,NUTS,2010,UKF,1,9898.0
2006,NUTS,2010,UKF,1,10296.0
2007,NUTS,2010,UKF,1,10909.0
2008,NUTS,2010,UKF,1,11109.0
2009,NUTS,2010,UKF,1,11408.0
2010,NUTS,2010,UKF,1,11138.0
2011,NUTS,2010,UKF,1,11338.0
2012,NUTS,2010,UKF,1,11477.0
2013,NUTS,2010,UKF,1,11599.0
2014,NUTS,2010,UKF,1,11887.0
2015,NUTS,2010,UKF,1,12110.0
2016,NUTS,2010,UKF,1,11840.0
2017,NUTS,2010,UKF,1,11982.0
2018,NUTS,2010,UKF,1,11726.0
2005,NUTS,2010,UKF1,2,4926.0
2006,NUTS,2010,UKF1,2,5129.0
2007,NUTS,2010,UKF1,2,5474.0
2008,NUTS,2010,UKF1,2,5654.0
2009,NUTS,2010,UKF1,2,5855.0
2010,NUTS,2010,UKF1,2,5894.0
2011,NUTS,2010,UKF1,2,5938.0
2012,NUTS,2010,UKF1,2,6122.0
2013,NUTS,2010,UKF1,2,6335.0
2014,NUTS,2010,UKF1,2,6453.0
2015,NUTS,2010,UKF1,2,6559.0
2016,NUTS,2010,UKF1,2,6556.0
2017,NUTS,2010,UKF1,2,6652.0
2018,NUTS,2010,UKF1,2,6331.0
2005,NUTS,2010,UKF2,2,4576.0
2006,NUTS,2010,UKF2,2,4753.0
2007,NUTS,2010,UKF2,2,5004.0
2008,NUTS,2010,UKF2,2,4993.0
2009,NUTS,2010,UKF2,2,5070.0
2010,NUTS,2010,UKF2,2,4809.0
2011,NUTS,2010,UKF2,2,5014.0
2012,NUTS,2010,UKF2,2,4881.0
2013,NUTS,2010,UKF2,2,4735.0
2014,NUTS,2010,UKF2,2,4859.0
2015,NUTS,2010,UKF2,2,4943.0
2016,NUTS,2010,UKF2,2,4687.0
2017,NUTS,2010,UKF2,2,4683.0
2018,NUTS,2010,UKF2,2,4730.0
2005,NUTS,2010,UKF3,2,395.0
2006,NUTS,2010,UKF3,2,413.0
2007,NUTS,2010,UKF3,2,430.0
2008,NUTS,2010,UKF3,2,462.0
2009,NUTS,2010,UKF3,2,483.0
2010,NUTS,2010,UKF3,2,435.0
2011,NUTS,2010,UKF3,2,386.0
2012,NUTS,2010,UKF3,2,474.0
2013,NUTS,2010,UKF3,2,529.0
2014,NUTS,2010,UKF3,2,576.0
2015,NUTS,2010,UKF3,2,609.0
2016,NUTS,2010,UKF3,2,597.0
2017,NUTS,2010,UKF3,2,647.0
2018,NUTS,2010,UKF3,2,666.0
2005,NUTS,2010,UKG,1,9286.0
2006,NUTS,2010,UKG,1,9598.0
2007,NUTS,2010,UKG,1,9746.0
2008,NUTS,2010,UKG,1,9930.0
2009,NUTS,2010,UKG,1,9920.0
2010,NUTS,2010,UKG,1,9962.0
2011,NUTS,2010,UKG,1,9986.0
2012,NUTS,2010,UKG,1,9949.0
2013,NUTS,2010,UKG,1,9933.0
2014,NUTS,2010,UKG,1,10669.0
2015,NUTS,2010,UKG,1,10987.0
2016,NUTS,2010,UKG,1,11066.0
2017,NUTS,2010,UKG,1,11668.0
2018,NUTS,2010,UKG,1,12045.0
2005,NUTS,2010,UKG1,2,179.0
2006,NUTS,2010,UKG1,2,172.0
2007,NUTS,2010,UKG1,2,188.0
2008,NUTS,2010,UKG1,2,187.0
2009,NUTS,2010,UKG1,2,193.0
2010,NUTS,2010,UKG1,2,203.0
2011,NUTS,2010,UKG1,2,200.0
2012,NUTS,2010,UKG1,2,215.0
2013,NUTS,2010,UKG1,2,216.0
2014,NUTS,2010,UKG1,2,225.0
2015,NUTS,2010,UKG1,2,248.0
2016,NUTS,2010,UKG1,2,253.0
2017,NUTS,2010,UKG1,2,249.0
2018,NUTS,2010,UKG1,2,256.0
2005,NUTS,2010,UKG2,2,1071.0
2006,NUTS,2010,UKG2,2,1092.0
2007,NUTS,2010,UKG2,2,1105.0
2008,NUTS,2010,UKG2,2,994.0
2009,NUTS,2010,UKG2,2,976.0
2010,NUTS,2010,UKG2,2,1030.0
2011,NUTS,2010,UKG2,2,925.0
2012,NUTS,2010,UKG2,2,921.0
2013,NUTS,2010,UKG2,2,962.0
2014,NUTS,2010,UKG2,2,1104.0
2015,NUTS,2010,UKG2,2,1113.0
2016,NUTS,2010,UKG2,2,1116.0
2017,NUTS,2010,UKG2,2,1096.0
2018,NUTS,2010,UKG2,2,982.0
2005,NUTS,2010,UKG3,2,8037.0
2006,NUTS,2010,UKG3,2,8334.0
2007,NUTS,2010,UKG3,2,8453.0
2008,NUTS,2010,UKG3,2,8748.0
2009,NUTS,2010,UKG3,2,8751.0
2010,NUTS,2010,UKG3,2,8728.0
2011,NUTS,2010,UKG3,2,8861.0
2012,NUTS,2010,UKG3,2,8813.0
2013,NUTS,2010,UKG3,2,8755.0
2014,NUTS,2010,UKG3,2,9341.0
2015,NUTS,2010,UKG3,2,9626.0
2016,NUTS,2010,UKG3,2,9697.0
2017,NUTS,2010,UKG3,2,10324.0
2018,NUTS,2010,UKG3,2,10808.0
2005,NUTS,2010,UKH,1,13030.0
2006,NUTS,2010,UKH,1,13685.0
2007,NUTS,2010,UKH,1,13764.0
2008,NUTS,2010,UKH,1,13562.0
2009,NUTS,2010,UKH,1,14150.0
2010,NUTS,2010,UKH,1,14430.0
2011,NUTS,2010,UKH,1,15078.0
2012,NUTS,2010,UKH,1,14700.0
2013,NUTS,2010,UKH,1,15093.0
2014,NUTS,2010,UKH,1,15329.0
2015,NUTS,2010,UKH,1,15627.0
2016,NUTS,2010,UKH,1,15593.0
2017,NUTS,2010,UKH,1,15997.0
2018,NUTS,2010,UKH,1,15569.0
2005,NUTS,2010,UKH1,2,9137.0
2006,NUTS,2010,UKH1,2,9709.0
2007,NUTS,2010,UKH1,2,10022.0
2008,NUTS,2010,UKH1,2,9750.0
2009,NUTS,2010,UKH1,2,10199.0
2010,NUTS,2010,UKH1,2,10348.0
2011,NUTS,2010,UKH1,2,11011.0
2012,NUTS,2010,UKH1,2,10621.0
2013,NUTS,2010,UKH1,2,11154.0
2014,NUTS,2010,UKH1,2,11277.0
2015,NUTS,2010,UKH1,2,11485.0
2016,NUTS,2010,UKH1,2,11532.0
2017,NUTS,2010,UKH1,2,11802.0
2018,NUTS,2010,UKH1,2,11484.0
2005,NUTS,2010,UKH2,2,2322.0
2006,NUTS,2010,UKH2,2,2472.0
2007,NUTS,2010,UKH2,2,2357.0
2008,NUTS,2010,UKH2,2,2378.0
2009,NUTS,2010,UKH2,2,2401.0
2010,NUTS,2010,UKH2,2,2519.0
2011,NUTS,2010,UKH2,2,2457.0
2012,NUTS,2010,UKH2,2,2513.0
2013,NUTS,2010,UKH2,2,2406.0
2014,NUTS,2010,UKH2,2,2510.0
2015,NUTS,2010,UKH2,2,2504.0
2016,NUTS,2010,UKH2,2,2505.0
2017,NUTS,2010,UKH2,2,2523.0
2018,NUTS,2010,UKH2,2,2407.0
2005,NUTS,2010,UKH3,2,1571.0
2006,NUTS,2010,UKH3,2,1504.0
2007,NUTS,2010,UKH3,2,1384.0
2008,NUTS,2010,UKH3,2,1433.0
2009,NUTS,2010,UKH3,2,1550.0
2010,NUTS,2010,UKH3,2,1563.0
2011,NUTS,2010,UKH3,2,1610.0
2012,NUTS,2010,UKH3,2,1565.0
2013,NUTS,2010,UKH3,2,1533.0
2014,NUTS,2010,UKH3,2,1541.0
2015,NUTS,2010,UKH3,2,1638.0
2016,NUTS,2010,UKH3,2,1556.0
2017,NUTS,2010,UKH3,2,1672.0
2018,NUTS,2010,UKH3,2,1678.0
2005,NUTS,2010,UKI,1,28971.0
2006,NUTS,2010,UKI,1,29945.0
2007,NUTS,2010,UKI,1,30430.0
2008,NUTS,2010,UKI,1,31800.0
2009,NUTS,2010,UKI,1,33211.0
2010,NUTS,2010,UKI,1,34237.0
2011,NUTS,2010,UKI,1,34790.0
2012,NUTS,2010,UKI,1,34430.0
2013,NUTS,2010,UKI,1,35330.0
2014,NUTS,2010,UKI,1,35694.0
2015,NUTS,2010,UKI,1,36048.0
2016,NUTS,2010,UKI,1,35862.0
2017,NUTS,2010,UKI,1,36012.0
2018,NUTS,2010,UKI,1,36220.0
2011,NUTS,2010,UKI3,2,26298.0
2012,NUTS,2010,UKI3,2,26237.0
2013,NUTS,2010,UKI3,2,26889.0
2014,NUTS,2010,UKI3,2,27168.0
2015,NUTS,2010,UKI3,2,27650.0
2016,NUTS,2010,UKI3,2,27582.0
2017,NUTS,2010,UKI3,2,27669.0
2018,NUTS,2010,UKI3,2,27992.0
2011,NUTS,2010,UKI4,2,4655.0
2012,NUTS,2010,UKI4,2,4644.0
2013,NUTS,2010,UKI4,2,4759.0
2014,NUTS,2010,UKI4,2,4809.0
2015,NUTS,2010,UKI4,2,4774.0
2016,NUTS,2010,UKI4,2,4736.0
2017,NUTS,2010,UKI4,2,4799.0
2018,NUTS,2010,UKI4,2,4795.0
2011,NUTS,2010,UKI5,2,813.0
2012,NUTS,2010,UKI5,2,752.0
2013,NUTS,2010,UKI5,2,780.0
2014,NUTS,2010,UKI5,2,787.0
2015,NUTS,2010,UKI5,2,744.0
2016,NUTS,2010,UKI5,2,722.0
2017,NUTS,2010,UKI5,2,728.0
2018,NUTS,2010,UKI5,2,677.0
2011,NUTS,2010,UKI6,2,615.0
2012,NUTS,2010,UKI6,2,569.0
2013,NUTS,2010,UKI6,2,590.0
2014,NUTS,2010,UKI6,2,595.0
2015,NUTS,2010,UKI6,2,645.0
2016,NUTS,2010,UKI6,2,667.0
2017,NUTS,2010,UKI6,2,679.0
2018,NUTS,2010,UKI6,2,666.0
2011,NUTS,2010,UKI7,2,2410.0
2012,NUTS,2010,UKI7,2,2229.0
2013,NUTS,2010,UKI7,2,2313.0
2014,NUTS,2010,UKI7,2,2335.0
2015,NUTS,2010,UKI7,2,2236.0
2016,NUTS,2010,UKI7,2,2156.0
2017,NUTS,2010,UKI7,2,2137.0
2018,NUTS,2010,UKI7,2,2091.0
2005,NUTS,2010,UKJ,1,21533.0
2006,NUTS,2010,UKJ,1,22481.0
2007,NUTS,2010,UKJ,1,22521.0
2008,NUTS,2010,UKJ,1,22835.0
2009,NUTS,2010,UKJ,1,23923.0
2010,NUTS,2010,UKJ,1,23907.0
2011,NUTS,2010,UKJ,1,24808.0
2012,NUTS,2010,UKJ,1,24413.0
2013,NUTS,2010,UKJ,1,25179.0
2014,NUTS,2010,UKJ,1,26532.0
2015,NUTS,2010,UKJ,1,26954.0
2016,NUTS,2010,UKJ,1,26997.0
2017,NUTS,2010,UKJ,1,26720.0
2018,NUTS,2010,UKJ,1,26636.0
2005,NUTS,2010,UKJ1,2,10704.0
2006,NUTS,2010,UKJ1,2,11344.0
2007,NUTS,2010,UKJ1,2,11415.0
2008,NUTS,2010,UKJ1,2,11722.0
2009,NUTS,2010,UKJ1,2,12304.0
2010,NUTS,2010,UKJ1,2,12381.0
2011,NUTS,2010,UKJ1,2,12763.0
2012,NUTS,2010,UKJ1,2,12621.0
2013,NUTS,2010,UKJ1,2,13140.0
2014,NUTS,2010,UKJ1,2,14084.0
2015,NUTS,2010,UKJ1,2,14331.0
2016,NUTS,2010,UKJ1,2,14361.0
2017,NUTS,2010,UKJ1,2,14091.0
2018,NUTS,2010,UKJ1,2,14237.0
2005,NUTS,2010,UKJ2,2,4645.0
2006,NUTS,2010,UKJ2,2,4723.0
2007,NUTS,2010,UKJ2,2,4799.0
2008,NUTS,2010,UKJ2,2,4814.0
2009,NUTS,2010,UKJ2,2,5180.0
2010,NUTS,2010,UKJ2,2,4920.0
2011,NUTS,2010,UKJ2,2,5038.0
2012,NUTS,2010,UKJ2,2,4799.0
2013,NUTS,2010,UKJ2,2,4874.0
2014,NUTS,2010,UKJ2,2,4960.0
2015,NUTS,2010,UKJ2,2,4950.0
2016,NUTS,2010,UKJ2,2,4914.0
2017,NUTS,2010,UKJ2,2,4989.0
2018,NUTS,2010,UKJ2,2,4998.0
2005,NUTS,2010,UKJ3,2,4892.0
2006,NUTS,2010,UKJ3,2,5054.0
2007,NUTS,2010,UKJ3,2,5010.0
2008,NUTS,2010,UKJ3,2,4935.0
2009,NUTS,2010,UKJ3,2,5055.0
2010,NUTS,2010,UKJ3,2,5158.0
2011,NUTS,2010,UKJ3,2,5547.0
2012,NUTS,2010,UKJ3,2,5408.0
2013,NUTS,2010,UKJ3,2,5300.0
2014,NUTS,2010,UKJ3,2,5537.0
2015,NUTS,2010,UKJ3,2,5607.0
2016,NUTS,2010,UKJ3,2,5596.0
2017,NUTS,2010,UKJ3,2,5506.0
2018,NUTS,2010,UKJ3,2,5272.0
2005,NUTS,2010,UKJ4,2,1292.0
2006,NUTS,2010,UKJ4,2,1360.0
2007,NUTS,2010,UKJ4,2,1298.0
2008,NUTS,2010,UKJ4,2,1364.0
2009,NUTS,2010,UKJ4,2,1384.0
2010,NUTS,2010,UKJ4,2,1448.0
2011,NUTS,2010,UKJ4,2,1460.0
2012,NUTS,2010,UKJ4,2,1585.0
2013,NUTS,2010,UKJ4,2,1864.0
2014,NUTS,2010,UKJ4,2,1951.0
2015,NUTS,2010,UKJ4,2,2066.0
2016,NUTS,2010,UKJ4,2,2125.0
2017,NUTS,2010,UKJ4,2,2135.0
2018,NUTS,2010,UKJ4,2,2128.0
2005,NUTS,2010,UKK,1,8721.0
2006,NUTS,2010,UKK,1,9220.0
2007,NUTS,2010,UKK,1,9651.0
2008,NUTS,2010,UKK,1,10135.0
2009,NUTS,2010,UKK,1,10116.0
2010,NUTS,2010,UKK,1,10331.0
2011,NUTS,2010,UKK,1,10584.0
2012,NUTS,2010,UKK,1,10420.0
2013,NUTS,2010,UKK,1,10505.0
2014,NUTS,2010,UKK,1,10755.0
2015,NUTS,2010,UKK,1,10923.0
2016,NUTS,2010,UKK,1,11009.0
2017,NUTS,2010,UKK,1,11348.0
2018,NUTS,2010,UKK,1,11479.0
2005,NUTS,2010,UKK1,2,5937.0
2006,NUTS,2010,UKK1,2,6197.0
2007,NUTS,2010,UKK1,2,6317.0
2008,NUTS,2010,UKK1,2,6776.0
2009,NUTS,2010,UKK1,2,6440.0
2010,NUTS,2010,UKK1,2,6437.0
2011,NUTS,2010,UKK1,2,6588.0
2012,NUTS,2010,UKK1,2,6413.0
2013,NUTS,2010,UKK1,2,6447.0
2014,NUTS,2010,UKK1,2,6625.0
2015,NUTS,2010,UKK1,2,6792.0
2016,NUTS,2010,UKK1,2,6780.0
2017,NUTS,2010,UKK1,2,6917.0
2018,NUTS,2010,UKK1,2,6984.0
2005,NUTS,2010,UKK2,2,416.0
2006,NUTS,2010,UKK2,2,487.0
2007,NUTS,2010,UKK2,2,499.0
2008,NUTS,2010,UKK2,2,502.0
2009,NUTS,2010,UKK2,2,523.0
2010,NUTS,2010,UKK2,2,516.0
2011,NUTS,2010,UKK2,2,499.0
2012,NUTS,2010,UKK2,2,557.0
2013,NUTS,2010,UKK2,2,578.0
2014,NUTS,2010,UKK2,2,661.0
2015,NUTS,2010,UKK2,2,673.0
2016,NUTS,2010,UKK2,2,704.0
2017,NUTS,2010,UKK2,2,686.0
2018,NUTS,2010,UKK2,2,690.0
2005,NUTS,2010,UKK3,2,16.0
2006,NUTS,2010,UKK3,2,18.0
2007,NUTS,2010,UKK3,2,24.0
2008,NUTS,2010,UKK3,2,52.0
2009,NUTS,2010,UKK3,2,99.0
2010,NUTS,2010,UKK3,2,113.0
2011,NUTS,2010,UKK3,2,148.0
2012,NUTS,2010,UKK3,2,94.0
2013,NUTS,2010,UKK3,2,77.0
2014,NUTS,2010,UKK3,2,77.0
2015,NUTS,2010,UKK3,2,65.0
2016,NUTS,2010,UKK3,2,63.0
2017,NUTS,2010,UKK3,2,78.0
2018,NUTS,2010,UKK3,2,87.0
2005,NUTS,2010,UKK4,2,2352.0
2006,NUTS,2010,UKK4,2,2517.0
2007,NUTS,2010,UKK4,2,2811.0
2008,NUTS,2010,UKK4,2,2805.0
2009,NUTS,2010,UKK4,2,3054.0
2010,NUTS,2010,UKK4,2,3264.0
2011,NUTS,2010,UKK4,2,3349.0
2012,NUTS,2010,UKK4,2,3357.0
2013,NUTS,2010,UKK4,2,3403.0
2014,NUTS,2010,UKK4,2,3392.0
2015,NUTS,2010,UKK4,2,3393.0
2016,NUTS,2010,UKK4,2,3462.0
2017,NUTS,2010,UKK4,2,3666.0
2018,NUTS,2010,UKK4,2,3718.0
2005,NUTS,2010,UKL,1,7525.0
2006,NUTS,2010,UKL,1,7816.0
2007,NUTS,2010,UKL,1,7388.0
2008,NUTS,2010,UKL,1,7055.0
2009,NUTS,2010,UKL,1,7292.0
2010,NUTS,2010,UKL,1,7518.0
2011,NUTS,2010,UKL,1,7837.0
2012,NUTS,2010,UKL,1,7509.0
2013,NUTS,2010,UKL,1,7491.0
2014,NUTS,2010,UKL,1,7195.0
2015,NUTS,2010,UKL,1,7095.0
2016,NUTS,2010,UKL,1,7453.0
2017,NUTS,2010,UKL,1,7646.0
2018,NUTS,2010,UKL,1,7753.0
2005,NUTS,2010,UKL1,2,3403.0
2006,NUTS,2010,UKL1,2,3328.0
2007,NUTS,2010,UKL1,2,3594.0
2008,NUTS,2010,UKL1,2,3657.0
2009,NUTS,2010,UKL1,2,3581.0
2010,NUTS,2010,UKL1,2,3721.0
2011,NUTS,2010,UKL1,2,3854.0
2012,NUTS,2010,UKL1,2,3692.0
2013,NUTS,2010,UKL1,2,3658.0
2014,NUTS,2010,UKL1,2,3622.0
2015,NUTS,2010,UKL1,2,3502.0
2016,NUTS,2010,UKL1,2,3655.0
2017,NUTS,2010,UKL1,2,3765.0
2018,NUTS,2010,UKL1,2,3845.0
2005,NUTS,2010,UKL2,2,4122.0
2006,NUTS,2010,UKL2,2,4488.0
2007,NUTS,2010,UKL2,2,3794.0
2008,NUTS,2010,UKL2,2,3397.0
2009,NUTS,2010,UKL2,2,3711.0
2010,NUTS,2010,UKL2,2,3797.0
2011,NUTS,2010,UKL2,2,3983.0
2012,NUTS,2010,UKL2,2,3818.0
2013,NUTS,2010,UKL2,2,3833.0
2014,NUTS,2010,UKL2,2,3573.0
2015,NUTS,2010,UKL2,2,3592.0
2016,NUTS,2010,UKL2,2,3798.0
2017,NUTS,2010,UKL2,2,3881.0
2018,NUTS,2010,UKL2,2,3908.0
2005,NUTS,2010,UKM,1,16354.0
2006,NUTS,2010,UKM,1,17060.0
2007,NUTS,2010,UKM,1,17580.0
2008,NUTS,2010,UKM,1,18118.0
2009,NUTS,2010,UKM,1,18972.0
2010,NUTS,2010,UKM,1,19572.0
2011,NUTS,2010,UKM,1,20883.0
2012,NUTS,2010,UKM,1,20535.0
2013,NUTS,2010,UKM,1,21357.0
2014,NUTS,2010,UKM,1,21937.0
2015,NUTS,2010,UKM,1,22291.0
2016,NUTS,2010,UKM,1,22345.0
2017,NUTS,2010,UKM,1,22680.0
2018,NUTS,2010,UKM,1,22714.0
2012,NUTS,2010,UKM2,2,11427.0
2013,NUTS,2010,UKM2,2,11823.0
2014,NUTS,2010,UKM2,2,11998.0
2015,NUTS,2010,UKM2,2,12194.0
2016,NUTS,2010,UKM2,2,12211.0
2012,NUTS,2010,UKM3,2,6910.0
2013,NUTS,2010,UKM3,2,7305.0
2014,NUTS,2010,UKM3,2,7631.0
2015,NUTS,2010,UKM3,2,7894.0
2016,NUTS,2010,UKM3,2,8012.0
2012,NUTS,2010,UKM5,2,2098.0
2013,NUTS,2010,UKM5,2,2121.0
2014,NUTS,2010,UKM5,2,2205.0
2015,NUTS,2010,UKM5,2,2126.0
2016,NUTS,2010,UKM5,2,2018.0
2017,NUTS,2010,UKM5,2,2008.0
2018,NUTS,2010,UKM5,2,2014.0
2012,NUTS,2010,UKM6,2,100.0
2013,NUTS,2010,UKM6,2,107.0
2014,NUTS,2010,UKM6,2,103.0
2015,NUTS,2010,UKM6,2,77.0
2016,NUTS,2010,UKM6,2,104.0
2017,NUTS,2010,UKM6,2,150.0
2018,NUTS,2010,UKM6,2,170.0
2014,NUTS,2010,UKM7,2,11998.0
2015,NUTS,2010,UKM7,2,12194.0
2016,NUTS,2010,UKM7,2,12211.0
2017,NUTS,2010,UKM7,2,10981.0
2018,NUTS,2010,UKM7,2,12185.0
2014,NUTS,2010,UKM8,2,7631.0
2015,NUTS,2010,UKM8,2,7894.0
2016,NUTS,2010,UKM8,2,8012.0
2017,NUTS,2010,UKM8,2,9541.0
2018,NUTS,2010,UKM8,2,8346.0
2014,NUTS,2010,UKM9,2,0.0
2015,NUTS,2010,UKM9,2,0.0
2016,NUTS,2010,UKM9,2,0.0
2017,NUTS,2010,UKM9,2,0.0
2018,NUTS,2010,UKM9,2,0.0
2005,NUTS,2010,UKN,1,3582.0
2006,NUTS,2010,UKN,1,3563.0
2007,NUTS,2010,UKN,1,4028.0
2008,NUTS,2010,UKN,1,3870.0
2009,NUTS,2010,UKN,1,3876.0
2010,NUTS,2010,UKN,1,3640.0
2011,NUTS,2010,UKN,1,3443.0
2012,NUTS,2010,UKN,1,3219.0
2013,NUTS,2010,UKN,1,3078.0
2014,NUTS,2010,UKN,1,3151.0
2015,NUTS,2010,UKN,1,3303.0
2016,NUTS,2010,UKN,1,3300.0
2017,NUTS,2010,UKN,1,3563.0
2018,NUTS,2010,UKN,1,3649.0
2005,NUTS,2010,UKN0,2,3582.0
2006,NUTS,2010,UKN0,2,3563.0
2007,NUTS,2010,UKN0,2,4028.0
2008,NUTS,2010,UKN0,2,3870.0
2009,NUTS,2010,UKN0,2,3876.0
2010,NUTS,2010,UKN0,2,3640.0
2011,NUTS,2010,UKN0,2,3443.0
2012,NUTS,2010,UKN0,2,3219.0
2013,NUTS,2010,UKN0,2,3078.0
2014,NUTS,2010,UKN0,2,3151.0
2015,NUTS,2010,UKN0,2,3303.0
2016,NUTS,2010,UKN0,2,3300.0
2017,NUTS,2010,UKN0,2,3563.0
2018,NUTS,2010,UKN0,2,3649.0
